22
  1.1 0.0768 0.544 2.86e-19
  1.2 0.1060 0.540 2.24e-18
  1.3 0.1820 0.750 5.61e-18
  1.4 0.2010 0.791 1.02e-17
  1.5 0.2190 0.788 1.60e-17
  1.6 0.2160 0.831 2.23e-17
  1.7 0.2330 0.839 3.10e-17
  1.8 0.2330 0.825 4.07e-17
  1.9 0.2480 0.805 5.30e-17
  2.0 0.2440 0.779 6.74e-17
  3.0 0.1880 1.230 1.51e-16
  4.0 0.1310 1.820 1.24e-16
  5.0 0.1200 2.050 1.37e-16
  6.0 0.1070 2.190 1.62e-16
  7.0 0.1020 2.230 1.71e-16
  8.0 0.0932 2.290 1.78e-16
  9.0 0.0838 2.370 1.84e-16
 10.0 0.0761 2.430 1.93e-16
 20.0 0.1070 2.270 4.74e-16
 30.0 0.0928 2.330 7.70e-16
 40.0 0.0772 2.420 1.06e-15
100.0 0.0479 2.590 2.73e-15