20
  1.1 0.7680 2.49 9.43e-19
  1.2 0.5690 2.35 9.22e-18
  1.3 0.4910 2.41 2.35e-17
  1.4 0.3950 2.45 4.20e-17
  1.5 0.3100 2.45 6.26e-17
  1.6 0.3230 2.43 8.57e-17
  1.7 0.3050 2.40 1.13e-16
  1.8 0.2850 2.39 1.39e-16
  1.9 0.2700 2.37 1.70e-16
  2.0 0.2590 2.35 2.05e-16
  3.0 0.1580 2.42 3.81e-16
  4.0 0.1290 2.46 4.74e-16
  5.0 0.1130 2.45 6.30e-16
  6.0 0.0996 2.46 7.65e-16
  7.0 0.0921 2.46 8.61e-16
  8.0 0.0861 2.45 9.61e-16
  9.0 0.0800 2.47 1.03e-15
 10.0 0.0723 2.51 1.10e-15
 30.0 0.0411 2.70 3.55e-15
100.0 0.0283 2.77 1.86e-14