20
  1.1 0.3650 3.09 8.09e-19
  1.2 0.2870 2.96 7.70e-18
  1.3 0.2500 2.89 1.99e-17
  1.4 0.2380 2.76 3.62e-17
  1.5 0.2200 2.71 5.39e-17
  1.6 0.2060 2.67 7.39e-17
  1.7 0.1970 2.62 9.48e-17
  1.8 0.1930 2.56 1.20e-16
  1.9 0.1870 2.52 1.47e-16
  2.0 0.1780 2.51 1.74e-16
  3.0 0.1230 2.48 3.38e-16
  4.0 0.1060 2.56 5.17e-16
  5.0 0.0944 2.57 7.61e-16
  6.0 0.0829 2.58 9.57e-16
  7.0 0.0801 2.54 1.11e-15
  8.0 0.0752 2.53 1.25e-15
  9.0 0.0680 2.56 1.36e-15
 10.0 0.0615 2.60 1.46e-15
 30.0 0.0361 2.78 5.87e-15
100.0 0.0228 2.88 3.10e-14