20
  1.1 0.0000 0.000 1.08e-18
  1.2 0.0778 0.306 9.91e-18
  1.3 0.2420 0.792 2.47e-17
  1.4 0.3770 1.090 4.43e-17
  1.5 0.4400 1.060 6.70e-17
  1.6 0.4500 0.953 9.04e-17
  1.7 0.4610 0.956 1.18e-16
  1.8 0.4510 0.922 1.32e-16
  1.9 0.4640 0.912 1.77e-16
  2.0 0.4460 0.940 2.11e-16
  3.0 0.3660 1.490 3.83e-16
  4.0 0.2490 2.030 5.09e-16
  5.0 0.2040 2.180 7.26e-16
  6.0 0.1740 2.240 9.26e-16
  7.0 0.1560 2.280 1.07e-15
  8.0 0.1400 2.320 1.19e-15
  9.0 0.1210 2.390 1.29e-15
 10.0 0.1070 2.460 1.40e-15
 30.0 0.0705 2.530 5.65e-15
100.0 0.0463 2.620 3.01e-14