 1.000000e+08   0.000000e+00  1.267570e-17
 1.018591e+08   0.000000e+00  1.339333e-17
 1.037528e+08   0.000000e+00  1.427883e-17
 1.056818e+08   0.000000e+00  1.544166e-17
 1.076465e+08   0.000000e+00  1.634269e-17
 1.096478e+08   0.000000e+00  1.727540e-17
 1.116863e+08   0.000000e+00  1.875177e-17
 1.137627e+08   0.000000e+00  1.982413e-17
 1.158777e+08   0.000000e+00  2.101756e-17
 1.180321e+08   0.000000e+00  2.233556e-17
 1.202264e+08   0.000000e+00  2.386405e-17
 1.224616e+08   0.000000e+00  2.579489e-17
 1.247384e+08   0.000000e+00  2.766585e-17
 1.270574e+08   0.000000e+00  2.960821e-17
 1.294196e+08   0.000000e+00  3.160768e-17
 1.318257e+08   0.000000e+00  3.419932e-17
 1.342765e+08   0.000000e+00  3.749187e-17
 1.367729e+08   0.000000e+00  4.006528e-17
 1.393157e+08   0.000000e+00  4.389104e-17
 1.419058e+08   0.000000e+00  4.875573e-17
 1.445440e+08   0.000000e+00  5.404669e-17
 1.472313e+08   0.000000e+00  5.816944e-17
 1.499685e+08   0.000000e+00  6.530985e-17
 1.527566e+08   0.000000e+00  7.147670e-17
 1.555966e+08   0.000000e+00  7.672275e-17
 1.584893e+08   0.000000e+00  8.343639e-17
 1.614359e+08   0.000000e+00  9.336602e-17
 1.644372e+08   0.000000e+00  1.001977e-16
 1.674943e+08   0.000000e+00  1.098274e-16
 1.706082e+08   0.000000e+00  1.167020e-16
 1.737801e+08   0.000000e+00  1.278636e-16
 1.770109e+08   0.000000e+00  1.383429e-16
 1.803018e+08   0.000000e+00  1.479806e-16
 1.836538e+08   0.000000e+00  1.597255e-16
 1.870682e+08   0.000000e+00  1.701673e-16
 1.905461e+08   0.000000e+00  1.817049e-16
 1.940886e+08   0.000000e+00  1.943068e-16
 1.976970e+08   0.000000e+00  2.049430e-16
 2.013724e+08   0.000000e+00  2.172684e-16
 2.051162e+08   0.000000e+00  2.293633e-16
 2.089296e+08   0.000000e+00  2.400924e-16
 2.128139e+08   0.000000e+00  2.550328e-16
 2.167704e+08   0.000000e+00  2.632182e-16
 2.208005e+08   0.000000e+00  2.817571e-16
 2.249055e+08   0.000000e+00  2.856993e-16
 2.290868e+08   0.000000e+00  3.086288e-16
 2.333458e+08   0.000000e+00  3.144635e-16
 2.376840e+08   0.000000e+00  3.356709e-16
 2.421029e+08   0.000000e+00  3.431907e-16
 2.466039e+08   0.000000e+00  3.544841e-16
 2.511886e+08   0.000000e+00  3.727771e-16
 2.558586e+08   0.000000e+00  3.830018e-16
 2.606154e+08   0.000000e+00  3.978042e-16
 2.654606e+08   7.982525e-24  4.136323e-16
 2.703958e+08   2.456770e-23  4.267642e-16
 2.754229e+08   4.635034e-23  4.420609e-16
 2.805434e+08   7.221533e-23  4.553080e-16
 2.857591e+08   1.031579e-22  4.673692e-16
 2.910717e+08   1.469364e-22  4.898097e-16
 2.964831e+08   2.053045e-22  5.029327e-16
 3.019952e+08   2.766786e-22  5.161930e-16
 3.076097e+08   3.620543e-22  5.340229e-16
 3.133286e+08   4.588282e-22  5.507264e-16
 3.191538e+08   5.646343e-22  5.625166e-16
 3.250873e+08   6.779348e-22  5.863830e-16
 3.311311e+08   7.976072e-22  6.008839e-16
 3.372873e+08   9.231533e-22  6.130616e-16
 3.435579e+08   1.054203e-21  6.417629e-16
 3.499452e+08   1.191100e-21  6.529720e-16
 3.564511e+08   1.344641e-21  6.786768e-16
 3.630781e+08   1.517217e-21  6.933318e-16
 3.698282e+08   1.702124e-21  7.083694e-16
 3.767038e+08   1.896778e-21  7.331776e-16
 3.837072e+08   2.099528e-21  7.508684e-16
 3.908409e+08   2.309559e-21  7.749790e-16
 3.981072e+08   2.528964e-21  7.937237e-16
 4.055085e+08   2.767048e-21  8.124974e-16
 4.130475e+08   3.024135e-21  8.317309e-16
 4.207266e+08   3.293476e-21  8.597942e-16
 4.285485e+08   3.572409e-21  8.828087e-16
 4.365158e+08   3.858860e-21  9.017895e-16
 4.446313e+08   4.151717e-21  9.263652e-16
 4.528976e+08   4.449951e-21  9.492714e-16
 4.613176e+08   4.794588e-21  9.661658e-16
 4.698941e+08   5.433922e-21  9.985603e-16
 4.786301e+08   6.349206e-21  1.022786e-15
 4.875285e+08   7.438350e-21  1.043873e-15
 4.965923e+08   8.660952e-21  1.074240e-15
 5.058247e+08   9.990932e-21  1.092818e-15
 5.152286e+08   1.140920e-20  1.121958e-15
 5.248075e+08   1.290549e-20  1.150083e-15
 5.345644e+08   1.448522e-20  1.177195e-15
 5.445027e+08   1.614154e-20  1.206871e-15
 5.546257e+08   1.785839e-20  1.236821e-15
 5.649370e+08   1.962377e-20  1.257062e-15
 5.754399e+08   2.142620e-20  1.292075e-15
 5.861382e+08   2.325942e-20  1.318163e-15
 5.970353e+08   2.511672e-20  1.344694e-15
 6.081350e+08   2.699244e-20  1.378450e-15
 6.194411e+08   2.893350e-20  1.410207e-15
 6.309573e+08   3.097239e-20  1.448504e-15
 6.426877e+08   3.307167e-20  1.474596e-15
 6.546362e+08   3.521387e-20  1.506434e-15
 6.668068e+08   3.738691e-20  1.540102e-15
 6.792036e+08   3.958688e-20  1.570669e-15
 6.918310e+08   4.181063e-20  1.602852e-15
 7.046931e+08   4.403891e-20  1.639179e-15
 7.177943e+08   4.630422e-20  1.671396e-15
 7.311391e+08   4.860539e-20  1.714134e-15
 7.447320e+08   5.092354e-20  1.744434e-15
 7.585776e+08   5.325991e-20  1.784864e-15
 7.726806e+08   5.560125e-20  1.820080e-15
 7.870458e+08   5.794161e-20  1.854907e-15
 8.016781e+08   6.027888e-20  1.891363e-15
 8.165824e+08   6.260884e-20  1.931220e-15
 8.317638e+08   6.492978e-20  1.971340e-15
 8.472274e+08   6.724266e-20  2.007217e-15
 8.629785e+08   6.964341e-20  2.046827e-15
 8.790225e+08   7.243813e-20  2.085451e-15
 8.953648e+08   7.545416e-20  2.129834e-15
 9.120108e+08   7.861415e-20  2.166586e-15
 9.289664e+08   8.189153e-20  2.213557e-15
 9.462372e+08   8.524776e-20  2.250985e-15
 9.638290e+08   8.867046e-20  2.292775e-15
 9.817479e+08   9.214850e-20  2.333670e-15
 1.000000e+09   9.566477e-20  2.378265e-15
 1.018591e+09   9.921980e-20  2.422520e-15
 1.037528e+09   1.027990e-19  2.463333e-15
 1.056818e+09   1.063960e-19  2.511909e-15
 1.076465e+09   1.100096e-19  2.554620e-15
 1.096478e+09   1.136396e-19  2.600817e-15
 1.116863e+09   1.172704e-19  2.644400e-15
 1.137627e+09   1.209139e-19  2.685435e-15
 1.158777e+09   1.245390e-19  2.732129e-15
 1.180321e+09   1.281586e-19  2.780950e-15
 1.202264e+09   1.318048e-19  2.823360e-15
 1.224616e+09   1.354184e-19  2.866836e-15
 1.247384e+09   1.390293e-19  2.914122e-15
 1.270574e+09   1.426343e-19  2.956420e-15
 1.294196e+09   1.462234e-19  3.007464e-15
 1.318257e+09   1.497892e-19  3.055798e-15
 1.342765e+09   1.533418e-19  3.099867e-15
 1.367729e+09   1.568815e-19  3.147666e-15
 1.393157e+09   1.604050e-19  3.191969e-15
 1.419058e+09   1.639034e-19  3.238924e-15
 1.445440e+09   1.673809e-19  3.280576e-15
 1.472313e+09   1.708391e-19  3.334156e-15
 1.499685e+09   1.742947e-19  3.381897e-15
 1.527566e+09   1.777346e-19  3.424638e-15
 1.555966e+09   1.811781e-19  3.471629e-15
 1.584893e+09   1.846183e-19  3.517548e-15
 1.614359e+09   1.880520e-19  3.561753e-15
 1.644372e+09   1.914975e-19  3.610473e-15
 1.674943e+09   1.949270e-19  3.652927e-15
 1.706082e+09   1.983430e-19  3.697407e-15
 1.737801e+09   2.017670e-19  3.744720e-15
 1.770109e+09   2.051769e-19  3.786596e-15
 1.803018e+09   2.085791e-19  3.832135e-15
 1.836538e+09   2.119700e-19  3.874692e-15
 1.870682e+09   2.154113e-19  3.917248e-15
 1.905461e+09   2.188238e-19  3.958574e-15
 1.940886e+09   2.222552e-19  4.002244e-15
 1.976970e+09   2.256561e-19  4.046085e-15
 2.013724e+09   2.290717e-19  4.085719e-15
 2.051162e+09   2.325066e-19  4.125894e-15
 2.089296e+09   2.359059e-19  4.167676e-15
 2.128139e+09   2.393199e-19  4.208194e-15
 2.167704e+09   2.427624e-19  4.246558e-15
 2.208005e+09   2.461738e-19  4.285412e-15
 2.249055e+09   2.496067e-19  4.321281e-15
 2.290868e+09   2.530576e-19  4.363686e-15
 2.333458e+09   2.564882e-19  4.399674e-15
 2.376840e+09   2.598719e-19  4.432031e-15
 2.421029e+09   2.632960e-19  4.466632e-15
 2.466039e+09   2.666730e-19  4.504306e-15
 2.511886e+09   2.700106e-19  4.539450e-15
 2.558586e+09   2.733757e-19  4.572501e-15
 2.606154e+09   2.767378e-19  4.604515e-15
 2.654606e+09   2.800825e-19  4.637746e-15
 2.703958e+09   2.834107e-19  4.667017e-15
 2.754229e+09   2.867962e-19  4.696942e-15
 2.805434e+09   2.902364e-19  4.724997e-15
 2.857591e+09   2.936949e-19  4.758286e-15
 2.910717e+09   2.972152e-19  4.784953e-15
 2.964831e+09   3.008059e-19  4.810810e-15
 3.019952e+09   3.044560e-19  4.837948e-15
 3.076097e+09   3.080784e-19  4.863052e-15
 3.133286e+09   3.117962e-19  4.889811e-15
 3.191538e+09   3.155831e-19  4.914494e-15
 3.250873e+09   3.194375e-19  4.937789e-15
 3.311311e+09   3.232670e-19  4.959665e-15
 3.372873e+09   3.272216e-19  4.981631e-15
 3.435579e+09   3.311211e-19  5.004769e-15
 3.499452e+09   3.350288e-19  5.026162e-15
 3.564511e+09   3.390192e-19  5.045592e-15
 3.630781e+09   3.430808e-19  5.065610e-15
 3.698282e+09   3.472809e-19  5.083194e-15
 3.767038e+09   3.515774e-19  5.101475e-15
 3.837072e+09   3.560096e-19  5.120519e-15
 3.908409e+09   3.605937e-19  5.136210e-15
 3.981072e+09   3.654450e-19  5.150970e-15
 4.055085e+09   3.705609e-19  5.167913e-15
 4.130475e+09   3.761606e-19  5.183333e-15
 4.207266e+09   3.826009e-19  5.198222e-15
 4.285485e+09   3.900467e-19  5.213354e-15
 4.365158e+09   3.985282e-19  5.224787e-15
 4.446313e+09   4.077681e-19  5.237668e-15
 4.528976e+09   4.177309e-19  5.251261e-15
 4.613176e+09   4.283625e-19  5.263721e-15
 4.698941e+09   4.398088e-19  5.275399e-15
 4.786301e+09   4.520162e-19  5.285119e-15
 4.875285e+09   4.650762e-19  5.294338e-15
 4.965923e+09   4.788300e-19  5.304337e-15
 5.058247e+09   4.932157e-19  5.312554e-15
 5.152286e+09   5.081585e-19  5.324075e-15
 5.248075e+09   5.235735e-19  5.330964e-15
 5.345644e+09   5.394587e-19  5.336829e-15
 5.445027e+09   5.559065e-19  5.346101e-15
 5.546257e+09   5.726404e-19  5.353699e-15
 5.649370e+09   5.898963e-19  5.360016e-15
 5.754399e+09   6.074804e-19  5.367060e-15
 5.861382e+09   6.254714e-19  5.373530e-15
 5.970353e+09   6.439069e-19  5.377944e-15
 6.081350e+09   6.627447e-19  5.383889e-15
 6.194411e+09   6.819610e-19  5.387669e-15
 6.309573e+09   7.015370e-19  5.392626e-15
 6.426877e+09   7.302429e-19  5.397609e-15
 6.546362e+09   8.030559e-19  5.400024e-15
 6.668068e+09   9.014500e-19  5.406780e-15
 6.792036e+09   1.017307e-18  5.408423e-15
 6.918310e+09   1.147939e-18  5.411941e-15
 7.046931e+09   1.289809e-18  5.415530e-15
 7.177943e+09   1.441866e-18  5.417428e-15
 7.311391e+09   1.602198e-18  5.419870e-15
 7.447320e+09   1.769991e-18  5.421790e-15
 7.585776e+09   1.943992e-18  5.422681e-15
 7.726806e+09   2.123747e-18  5.424486e-15
 7.870458e+09   2.308070e-18  5.426466e-15
 8.016781e+09   2.496128e-18  5.426401e-15
 8.165824e+09   2.687132e-18  5.428111e-15
 8.317638e+09   2.880486e-18  5.428417e-15
 8.472274e+09   3.075476e-18  5.428428e-15
 8.629785e+09   3.271695e-18  5.428211e-15
 8.790225e+09   3.471435e-18  5.427482e-15
 8.953648e+09   3.669023e-18  5.428189e-15
 9.120108e+09   3.866486e-18  5.427161e-15
 9.289664e+09   4.067537e-18  5.425809e-15
 9.462372e+09   4.264978e-18  5.424473e-15
 9.638290e+09   4.461690e-18  5.423341e-15
 9.817479e+09   4.662967e-18  5.422005e-15
 1.000000e+10   4.863957e-18  5.419095e-15
 1.018591e+10   5.064108e-18  5.416176e-15
 1.037528e+10   5.269084e-18  5.415002e-15
 1.056818e+10   5.469692e-18  5.410565e-15
 1.076465e+10   5.679192e-18  5.409298e-15
 1.096478e+10   5.890638e-18  5.405920e-15
 1.116863e+10   6.102866e-18  5.402546e-15
 1.137627e+10   6.315688e-18  5.398490e-15
 1.158777e+10   6.523102e-18  5.395891e-15
 1.180321e+10   6.733741e-18  5.391969e-15
 1.202264e+10   6.948377e-18  5.387598e-15
 1.224616e+10   7.164522e-18  5.383797e-15
 1.247384e+10   7.382290e-18  5.380058e-15
 1.270574e+10   7.608667e-18  5.374343e-15
 1.294196e+10   7.834817e-18  5.369752e-15
 1.318257e+10   8.058072e-18  5.364905e-15
 1.342765e+10   8.285158e-18  5.359017e-15
 1.367729e+10   8.515819e-18  5.353335e-15
 1.393157e+10   8.753130e-18  5.348203e-15
 1.419058e+10   8.997358e-18  5.342652e-15
 1.445440e+10   9.235962e-18  5.336814e-15
 1.472313e+10   9.483307e-18  5.329764e-15
 1.499685e+10   9.738149e-18  5.323982e-15
 1.527566e+10   9.988372e-18  5.316681e-15
 1.555966e+10   1.025758e-17  5.310989e-15
 1.584893e+10   1.051639e-17  5.303663e-15
 1.614359e+10   1.079563e-17  5.295697e-15
 1.644372e+10   1.107340e-17  5.288777e-15
 1.674943e+10   1.138612e-17  5.281960e-15
 1.706082e+10   1.171132e-17  5.275368e-15
 1.737801e+10   1.204472e-17  5.267369e-15
 1.770109e+10   1.240595e-17  5.258999e-15
 1.803018e+10   1.278196e-17  5.252403e-15
 1.836538e+10   1.316446e-17  5.243693e-15
 1.870682e+10   1.358108e-17  5.235086e-15
 1.905461e+10   1.401906e-17  5.226366e-15
 1.940886e+10   1.448193e-17  5.217605e-15
 1.976970e+10   1.495853e-17  5.209546e-15
 2.013724e+10   1.544806e-17  5.201195e-15
 2.051162e+10   1.596308e-17  5.191911e-15
 2.089296e+10   1.650095e-17  5.182521e-15
 2.128139e+10   1.705864e-17  5.174467e-15
 2.167704e+10   1.763204e-17  5.165014e-15
 2.208005e+10   1.833061e-17  5.155750e-15
 2.249055e+10   1.916460e-17  5.146304e-15
 2.290868e+10   2.008115e-17  5.136586e-15
 2.333458e+10   2.105933e-17  5.127027e-15
 2.376840e+10   2.209857e-17  5.117666e-15
 2.421029e+10   2.318314e-17  5.107239e-15
 2.466039e+10   2.430874e-17  5.097298e-15
 2.511886e+10   2.545387e-17  5.086991e-15
 2.558586e+10   2.663313e-17  5.077092e-15
 2.606154e+10   2.795884e-17  5.066744e-15
 2.654606e+10   2.943331e-17  5.056396e-15
 2.703958e+10   3.099931e-17  5.045637e-15
 2.754229e+10   3.267202e-17  5.035242e-15
 2.805434e+10   3.437314e-17  5.023787e-15
 2.857591e+10   3.611347e-17  5.013690e-15
 2.910717e+10   3.787050e-17  5.002595e-15
 2.964831e+10   3.969117e-17  4.991210e-15
 3.019952e+10   4.156800e-17  4.980049e-15
 3.076097e+10   4.347318e-17  4.968975e-15
 3.133286e+10   4.536902e-17  4.957844e-15
 3.191538e+10   4.730035e-17  4.946853e-15
 3.250873e+10   4.928059e-17  4.935523e-15
 3.311311e+10   5.135487e-17  4.923559e-15
 3.372873e+10   5.366128e-17  4.911866e-15
 3.435579e+10   5.595449e-17  4.900205e-15
 3.499452e+10   5.836040e-17  4.888351e-15
 3.564511e+10   6.087713e-17  4.876487e-15
 3.630781e+10   6.342242e-17  4.864899e-15
 3.698282e+10   6.597086e-17  4.852718e-15
 3.767038e+10   6.870341e-17  4.840432e-15
 3.837072e+10   7.122366e-17  4.828297e-15
 3.908409e+10   7.394008e-17  4.815808e-15
 3.981072e+10   7.663353e-17  4.803402e-15
 4.055085e+10   7.931191e-17  4.790930e-15
 4.130475e+10   8.202311e-17  4.778087e-15
 4.207266e+10   8.479959e-17  4.765879e-15
 4.285485e+10   8.739113e-17  4.753043e-15
 4.365158e+10   9.011860e-17  4.740293e-15
 4.446313e+10   9.284728e-17  4.727476e-15
 4.528976e+10   9.555445e-17  4.714529e-15
 4.613176e+10   9.825843e-17  4.701366e-15
 4.698941e+10   1.008552e-16  4.688187e-15
 4.786301e+10   1.034090e-16  4.675590e-15
 4.875285e+10   1.060248e-16  4.662165e-15
 4.965923e+10   1.086086e-16  4.648729e-15
 5.058247e+10   1.111538e-16  4.635025e-15
 5.152286e+10   1.136449e-16  4.621816e-15
 5.248075e+10   1.161132e-16  4.608589e-15
 5.345644e+10   1.185921e-16  4.594837e-15
 5.445027e+10   1.210339e-16  4.581075e-15
 5.546257e+10   1.234308e-16  4.567321e-15
 5.649370e+10   1.257798e-16  4.553570e-15
 5.754399e+10   1.281088e-16  4.539558e-15
 5.861382e+10   1.304000e-16  4.525844e-15
 5.970353e+10   1.327294e-16  4.511568e-15
 6.081350e+10   1.350154e-16  4.497648e-15
 6.194411e+10   1.371969e-16  4.483386e-15
 6.309573e+10   1.393120e-16  4.469559e-15
 6.426877e+10   1.414688e-16  4.455052e-15
 6.546362e+10   1.436673e-16  4.441015e-15
 6.668068e+10   1.457665e-16  4.426408e-15
 6.792036e+10   1.478229e-16  4.411931e-15
 6.918310e+10   1.497778e-16  4.397377e-15
 7.046931e+10   1.518956e-16  4.382861e-15
 7.177943e+10   1.539353e-16  4.368244e-15
 7.311391e+10   1.558291e-16  4.353708e-15
 7.447320e+10   1.579471e-16  4.339017e-15
 7.585776e+10   1.597937e-16  4.324172e-15
 7.726806e+10   1.617597e-16  4.309420e-15
 7.870458e+10   1.637647e-16  4.294333e-15
 8.016781e+10   1.656311e-16  4.279421e-15
 8.165824e+10   1.675325e-16  4.264413e-15
 8.317638e+10   1.694435e-16  4.249417e-15
 8.472274e+10   1.713051e-16  4.234279e-15
 8.629785e+10   1.731668e-16  4.219036e-15
 8.790225e+10   1.750659e-16  4.203952e-15
 8.953648e+10   1.768782e-16  4.188728e-15
 9.120108e+10   1.787719e-16  4.173304e-15
 9.289664e+10   1.805237e-16  4.157857e-15
 9.462372e+10   1.824240e-16  4.142635e-15
 9.638290e+10   1.841678e-16  4.127184e-15
 9.817479e+10   1.859978e-16  4.111674e-15
 1.000000e+11   1.878298e-16  4.096043e-15
 1.018591e+11   1.895894e-16  4.080465e-15
 1.037528e+11   1.915112e-16  4.065007e-15
 1.056818e+11   1.931738e-16  4.049172e-15
 1.076465e+11   1.951074e-16  4.033525e-15
 1.096478e+11   1.969433e-16  4.017761e-15
 1.116863e+11   1.987292e-16  4.002048e-15
 1.137627e+11   2.005187e-16  3.986120e-15
 1.158777e+11   2.024085e-16  3.970219e-15
 1.180321e+11   2.042673e-16  3.954258e-15
 1.202264e+11   2.060109e-16  3.938348e-15
 1.224616e+11   2.078592e-16  3.922366e-15
 1.247384e+11   2.097390e-16  3.906166e-15
 1.270574e+11   2.115397e-16  3.890436e-15
 1.294196e+11   2.133930e-16  3.874103e-15
 1.318257e+11   2.152022e-16  3.857794e-15
 1.342765e+11   2.170433e-16  3.841911e-15
 1.367729e+11   2.189457e-16  3.825534e-15
 1.393157e+11   2.208510e-16  3.809409e-15
 1.419058e+11   2.227841e-16  3.793198e-15
 1.445440e+11   2.247074e-16  3.776690e-15
 1.472313e+11   2.266244e-16  3.760310e-15
 1.499685e+11   2.286109e-16  3.744143e-15
 1.527566e+11   2.306477e-16  3.727686e-15
 1.555966e+11   2.326604e-16  3.711162e-15
 1.584893e+11   2.347057e-16  3.694824e-15
 1.614359e+11   2.367755e-16  3.678268e-15
 1.644372e+11   2.388571e-16  3.661764e-15
 1.674943e+11   2.409844e-16  3.645229e-15
 1.706082e+11   2.430775e-16  3.628696e-15
 1.737801e+11   2.452052e-16  3.612140e-15
 1.770109e+11   2.473560e-16  3.595527e-15
 1.803018e+11   2.495387e-16  3.578787e-15
 1.836538e+11   2.516672e-16  3.562203e-15
 1.870682e+11   2.538381e-16  3.545654e-15
 1.905461e+11   2.560309e-16  3.528922e-15
 1.940886e+11   2.582138e-16  3.512103e-15
 1.976970e+11   2.604506e-16  3.495570e-15
 2.013724e+11   2.627305e-16  3.478782e-15
 2.051162e+11   2.649612e-16  3.461883e-15
 2.089296e+11   2.672635e-16  3.445201e-15
 2.128139e+11   2.695672e-16  3.428423e-15
 2.167704e+11   2.718683e-16  3.411593e-15
 2.208005e+11   2.741624e-16  3.394790e-15
 2.249055e+11   2.764505e-16  3.378002e-15
 2.290868e+11   2.788194e-16  3.361183e-15
 2.333458e+11   2.811920e-16  3.344306e-15
 2.376840e+11   2.836738e-16  3.327465e-15
 2.421029e+11   2.860690e-16  3.310611e-15
 2.466039e+11   2.884696e-16  3.293708e-15
 2.511886e+11   2.908885e-16  3.276831e-15
 2.558586e+11   2.934021e-16  3.259850e-15
 2.606154e+11   2.959536e-16  3.243114e-15
 2.654606e+11   2.984331e-16  3.226270e-15
 2.703958e+11   3.009742e-16  3.209356e-15
 2.754229e+11   3.034958e-16  3.192432e-15
 2.805434e+11   3.061087e-16  3.175429e-15
 2.857591e+11   3.087356e-16  3.158580e-15
 2.910717e+11   3.112745e-16  3.141774e-15
 2.964831e+11   3.139440e-16  3.124876e-15
 3.019952e+11   3.166457e-16  3.107994e-15
 3.076097e+11   3.192466e-16  3.091043e-15
 3.133286e+11   3.219743e-16  3.074164e-15
 3.191538e+11   3.247634e-16  3.057338e-15
 3.250873e+11   3.273606e-16  3.040385e-15
 3.311311e+11   3.300956e-16  3.023503e-15
 3.372873e+11   3.329114e-16  3.006733e-15
 3.435579e+11   3.356779e-16  2.989821e-15
 3.499452e+11   3.384845e-16  2.972981e-15
 3.564511e+11   3.412439e-16  2.956229e-15
 3.630781e+11   3.440769e-16  2.939358e-15
 3.698282e+11   3.469900e-16  2.922511e-15
 3.767038e+11   3.497967e-16  2.905746e-15
 3.837072e+11   3.526531e-16  2.888949e-15
 3.908409e+11   3.555697e-16  2.872109e-15
 3.981072e+11   3.583976e-16  2.855406e-15
 4.055085e+11   3.614367e-16  2.838708e-15
 4.130475e+11   3.643691e-16  2.821939e-15
 4.207266e+11   3.674000e-16  2.805274e-15
 4.285485e+11   3.703634e-16  2.788590e-15
 4.365158e+11   3.734351e-16  2.771930e-15
 4.446313e+11   3.764206e-16  2.755293e-15
 4.528976e+11   3.795301e-16  2.738682e-15
 4.613176e+11   3.825425e-16  2.722023e-15
 4.698941e+11   3.856932e-16  2.705437e-15
 4.786301e+11   3.888131e-16  2.688916e-15
 4.875285e+11   3.919526e-16  2.672335e-15
 4.965923e+11   3.951231e-16  2.655821e-15
 5.058247e+11   3.982814e-16  2.639362e-15
 5.152286e+11   4.014755e-16  2.622899e-15
 5.248075e+11   4.046977e-16  2.606442e-15
 5.345644e+11   4.079024e-16  2.590083e-15
 5.445027e+11   4.111571e-16  2.573650e-15
 5.546257e+11   4.143536e-16  2.557324e-15
 5.649370e+11   4.176470e-16  2.541040e-15
 5.754399e+11   4.209066e-16  2.524736e-15
 5.861382e+11   4.242200e-16  2.508452e-15
 5.970353e+11   4.275788e-16  2.492230e-15
 6.081350e+11   4.308474e-16  2.476120e-15
 6.194411e+11   4.342732e-16  2.459945e-15
 6.309573e+11   4.375708e-16  2.443769e-15
 6.426877e+11   4.409652e-16  2.427725e-15
 6.546362e+11   4.443469e-16  2.411684e-15
 6.668068e+11   4.477041e-16  2.395665e-15
 6.792036e+11   4.510940e-16  2.379693e-15
 6.918310e+11   4.545104e-16  2.363734e-15
 7.046931e+11   4.579243e-16  2.347872e-15
 7.177943e+11   4.614008e-16  2.332018e-15
 7.311391e+11   4.648584e-16  2.316237e-15
 7.447320e+11   4.682766e-16  2.300432e-15
 7.585776e+11   4.717473e-16  2.284708e-15
 7.726806e+11   4.752028e-16  2.269019e-15
 7.870458e+11   4.786480e-16  2.253357e-15
 8.016781e+11   4.821968e-16  2.237739e-15
 8.165824e+11   4.856547e-16  2.222171e-15
 8.317638e+11   4.890975e-16  2.206665e-15
 8.472274e+11   4.926497e-16  2.191188e-15
 8.629785e+11   4.961668e-16  2.175772e-15
 8.790225e+11   4.996814e-16  2.160406e-15
 8.953648e+11   5.031675e-16  2.145077e-15
 9.120108e+11   5.067338e-16  2.129842e-15
 9.289664e+11   5.102919e-16  2.114595e-15
 9.462372e+11   5.138240e-16  2.099430e-15
 9.638290e+11   5.173158e-16  2.084250e-15
 9.817479e+11   5.208930e-16  2.069147e-15
 1.000000e+12   5.244793e-16  2.054098e-15
 1.018591e+12   5.279831e-16  2.039148e-15
 1.037528e+12   5.315095e-16  2.024205e-15
 1.056818e+12   5.351064e-16  2.009307e-15
 1.076465e+12   5.386293e-16  1.994462e-15
 1.096478e+12   5.421192e-16  1.979671e-15
 1.116863e+12   5.457002e-16  1.964968e-15
 1.137627e+12   5.492437e-16  1.950305e-15
 1.158777e+12   5.527770e-16  1.935708e-15
 1.180321e+12   5.562861e-16  1.921138e-15
 1.202264e+12   5.597771e-16  1.906641e-15
 1.224616e+12   5.633153e-16  1.892171e-15
 1.247384e+12   5.667987e-16  1.877754e-15
 1.270574e+12   5.702637e-16  1.863432e-15
 1.294196e+12   5.737883e-16  1.849176e-15
 1.318257e+12   5.772176e-16  1.834930e-15
 1.342765e+12   5.806578e-16  1.820736e-15
 1.367729e+12   5.840647e-16  1.806608e-15
 1.393157e+12   5.874875e-16  1.792577e-15
 1.419058e+12   5.909219e-16  1.778627e-15
 1.445440e+12   5.942927e-16  1.764685e-15
 1.472313e+12   5.976838e-16  1.750778e-15
 1.499685e+12   6.009826e-16  1.736945e-15
 1.527566e+12   6.043104e-16  1.723193e-15
 1.555966e+12   6.076061e-16  1.709502e-15
 1.584893e+12   6.108883e-16  1.695909e-15
 1.614359e+12   6.141399e-16  1.682325e-15
 1.644372e+12   6.173840e-16  1.668792e-15
 1.674943e+12   6.205719e-16  1.655321e-15
 1.706082e+12   6.237593e-16  1.641937e-15
 1.737801e+12   6.269045e-16  1.628599e-15
 1.770109e+12   6.300364e-16  1.615341e-15
 1.803018e+12   6.331140e-16  1.602135e-15
 1.836538e+12   6.361657e-16  1.588997e-15
 1.870682e+12   6.391623e-16  1.575918e-15
 1.905461e+12   6.421714e-16  1.562913e-15
 1.940886e+12   6.450875e-16  1.549960e-15
 1.976970e+12   6.480231e-16  1.537058e-15
 2.013724e+12   6.508745e-16  1.524231e-15
 2.051162e+12   6.537379e-16  1.511491e-15
 2.089296e+12   6.565111e-16  1.498809e-15
 2.128139e+12   6.592656e-16  1.486181e-15
 2.167704e+12   6.619801e-16  1.473598e-15
 2.208005e+12   6.646119e-16  1.461086e-15
 2.249055e+12   6.672692e-16  1.448650e-15
 2.290868e+12   6.698000e-16  1.436285e-15
 2.333458e+12   6.723025e-16  1.423971e-15
 2.376840e+12   6.747779e-16  1.411724e-15
 2.421029e+12   6.771677e-16  1.399547e-15
 2.466039e+12   6.795427e-16  1.387445e-15
 2.511886e+12   6.818541e-16  1.375405e-15
 2.558586e+12   6.840740e-16  1.363421e-15
 2.606154e+12   6.862799e-16  1.351511e-15
 2.654606e+12   6.883990e-16  1.339674e-15
 2.703958e+12   6.904682e-16  1.327894e-15
 2.754229e+12   6.924897e-16  1.316166e-15
 2.805434e+12   6.944105e-16  1.304530e-15
 2.857591e+12   6.963247e-16  1.292958e-15
 2.910717e+12   6.981316e-16  1.281442e-15
 2.964831e+12   6.998725e-16  1.269984e-15
 3.019952e+12   7.015526e-16  1.258612e-15
 3.076097e+12   7.031968e-16  1.247288e-15
 3.133286e+12   7.047266e-16  1.236032e-15
 3.191538e+12   7.061834e-16  1.224869e-15
 3.250873e+12   7.076132e-16  1.213773e-15
 3.311311e+12   7.089344e-16  1.202713e-15
 3.372873e+12   7.101823e-16  1.191734e-15
 3.435579e+12   7.113757e-16  1.180828e-15
 3.499452e+12   7.124741e-16  1.169977e-15
 3.564511e+12   7.135106e-16  1.159174e-15
 3.630781e+12   7.144635e-16  1.148484e-15
 3.698282e+12   7.153517e-16  1.137845e-15
 3.767038e+12   7.161428e-16  1.127250e-15
 3.837072e+12   7.168490e-16  1.116740e-15
 3.908409e+12   7.174649e-16  1.106306e-15
 3.981072e+12   7.180400e-16  1.095923e-15
 4.055085e+12   7.184800e-16  1.085612e-15
 4.130475e+12   7.188571e-16  1.075377e-15
 4.207266e+12   7.191596e-16  1.065214e-15
 4.285485e+12   7.193835e-16  1.055104e-15
 4.365158e+12   7.195133e-16  1.045063e-15
 4.446313e+12   7.195661e-16  1.035091e-15
 4.528976e+12   7.195270e-16  1.025176e-15
 4.613176e+12   7.194006e-16  1.015327e-15
 4.698941e+12   7.191990e-16  1.005550e-15
 4.786301e+12   7.189073e-16  9.958416e-16
 4.875285e+12   7.184965e-16  9.862000e-16
 4.965923e+12   7.180391e-16  9.766310e-16
 5.058247e+12   7.174736e-16  9.671218e-16
 5.152286e+12   7.168411e-16  9.576741e-16
 5.248075e+12   7.161029e-16  9.482951e-16
 5.345644e+12   7.152858e-16  9.389793e-16
 5.445027e+12   7.143696e-16  9.297358e-16
 5.546257e+12   7.133640e-16  9.205614e-16
 5.649370e+12   7.122887e-16  9.114341e-16
 5.754399e+12   7.111506e-16  9.023898e-16
 5.861382e+12   7.099090e-16  8.934030e-16
 5.970353e+12   7.085751e-16  8.844788e-16
 6.081350e+12   7.071513e-16  8.756410e-16
 6.194411e+12   7.056416e-16  8.668387e-16
 6.309573e+12   7.040460e-16  8.581059e-16
 6.426877e+12   7.023772e-16  8.494606e-16
 6.546362e+12   7.006408e-16  8.408446e-16
 6.668068e+12   6.988262e-16  8.323133e-16
 6.792036e+12   6.969165e-16  8.238646e-16
 6.918310e+12   6.949135e-16  8.154440e-16
 7.046931e+12   6.928469e-16  8.071113e-16
 7.177943e+12   6.907108e-16  7.988398e-16
 7.311391e+12   6.884912e-16  7.906152e-16
 7.447320e+12   6.861911e-16  7.824643e-16
 7.585776e+12   6.838255e-16  7.743746e-16
 7.726806e+12   6.813997e-16  7.663581e-16
 7.870458e+12   6.788870e-16  7.583986e-16
 8.016781e+12   6.763098e-16  7.504954e-16
 8.165824e+12   6.736524e-16  7.426607e-16
 8.317638e+12   6.709373e-16  7.348793e-16
 8.472274e+12   6.681624e-16  7.271754e-16
 8.629785e+12   6.653130e-16  7.195185e-16
 8.790225e+12   6.624067e-16  7.119298e-16
 8.953648e+12   6.594261e-16  7.044079e-16
 9.120108e+12   6.563894e-16  6.969310e-16
 9.289664e+12   6.533071e-16  6.895262e-16
 9.462372e+12   6.501701e-16  6.821741e-16
 9.638290e+12   6.469702e-16  6.748889e-16
 9.817479e+12   6.437046e-16  6.676706e-16
 1.000000e+13   6.403951e-16  6.604991e-16
 1.018591e+13   6.370453e-16  6.533908e-16
 1.037528e+13   6.336450e-16  6.463466e-16
 1.056818e+13   6.301940e-16  6.393546e-16
 1.076465e+13   6.266925e-16  6.324322e-16
 1.096478e+13   6.231617e-16  6.255557e-16
 1.116863e+13   6.195787e-16  6.187412e-16
 1.137627e+13   6.159476e-16  6.119951e-16
 1.158777e+13   6.122891e-16  6.053002e-16
 1.180321e+13   6.085890e-16  5.986719e-16
 1.202264e+13   6.048500e-16  5.920809e-16
 1.224616e+13   6.010775e-16  5.855515e-16
 1.247384e+13   5.972789e-16  5.790932e-16
 1.270574e+13   5.934487e-16  5.726780e-16
 1.294196e+13   5.895819e-16  5.663386e-16
 1.318257e+13   5.857041e-16  5.600310e-16
 1.342765e+13   5.817868e-16  5.537950e-16
 1.367729e+13   5.778427e-16  5.476066e-16
 1.393157e+13   5.738740e-16  5.414771e-16
 1.419058e+13   5.698983e-16  5.354008e-16
 1.445440e+13   5.658935e-16  5.293781e-16
 1.472313e+13   5.618608e-16  5.234152e-16
 1.499685e+13   5.578298e-16  5.175052e-16
 1.527566e+13   5.537796e-16  5.116431e-16
 1.555966e+13   5.497044e-16  5.058366e-16
 1.584893e+13   5.456167e-16  5.000920e-16
 1.614359e+13   5.415278e-16  4.943970e-16
 1.644372e+13   5.374232e-16  4.887503e-16
 1.674943e+13   5.333068e-16  4.831475e-16
 1.706082e+13   5.291818e-16  4.776175e-16
 1.737801e+13   5.250610e-16  4.721258e-16
 1.770109e+13   5.209255e-16  4.666900e-16
 1.803018e+13   5.167915e-16  4.613006e-16
 1.836538e+13   5.126527e-16  4.559736e-16
 1.870682e+13   5.085037e-16  4.506876e-16
 1.905461e+13   5.043552e-16  4.454502e-16
 1.940886e+13   5.002041e-16  4.402731e-16
 1.976970e+13   4.960616e-16  4.351346e-16
 2.013724e+13   4.919205e-16  4.300542e-16
 2.051162e+13   4.877822e-16  4.250150e-16
 2.089296e+13   4.836441e-16  4.200329e-16
 2.128139e+13   4.795140e-16  4.150898e-16
 2.167704e+13   4.753905e-16  4.102045e-16
 2.208005e+13   4.712699e-16  4.053627e-16
 2.249055e+13   4.671624e-16  4.005729e-16
 2.290868e+13   4.630590e-16  3.958218e-16
 2.333458e+13   4.589560e-16  3.911228e-16
 2.376840e+13   4.548734e-16  3.864699e-16
 2.421029e+13   4.507942e-16  3.818675e-16
 2.466039e+13   4.467269e-16  3.773030e-16
 2.511886e+13   4.426853e-16  3.727910e-16
 2.558586e+13   4.386419e-16  3.683245e-16
 2.606154e+13   4.346072e-16  3.638975e-16
 2.654606e+13   4.305990e-16  3.595205e-16
 2.703958e+13   4.265914e-16  3.551871e-16
 2.754229e+13   4.226033e-16  3.508978e-16
 2.805434e+13   4.186393e-16  3.466493e-16
 2.857591e+13   4.146786e-16  3.424468e-16
 2.910717e+13   4.107420e-16  3.382858e-16
 2.964831e+13   4.068262e-16  3.341719e-16
 3.019952e+13   4.029180e-16  3.301020e-16
 3.076097e+13   3.990293e-16  3.260659e-16
 3.133286e+13   3.951562e-16  3.220760e-16
 3.191538e+13   3.913080e-16  3.181296e-16
 3.250873e+13   3.874769e-16  3.142239e-16
 3.311311e+13   3.836607e-16  3.103563e-16
 3.372873e+13   3.798688e-16  3.065355e-16
 3.435579e+13   3.760932e-16  3.027520e-16
 3.499452e+13   3.723418e-16  2.990081e-16
 3.564511e+13   3.686069e-16  2.953030e-16
 3.630781e+13   3.648944e-16  2.916408e-16
 3.698282e+13   3.612079e-16  2.880130e-16
 3.767038e+13   3.575363e-16  2.844296e-16
 3.837072e+13   3.538898e-16  2.808812e-16
 3.908409e+13   3.502594e-16  2.773744e-16
 3.981072e+13   3.466549e-16  2.738998e-16
 4.055085e+13   3.430786e-16  2.704684e-16
 4.130475e+13   3.395183e-16  2.670704e-16
 4.207266e+13   3.359848e-16  2.637144e-16
 4.285485e+13   3.324711e-16  2.603876e-16
 4.365158e+13   3.289797e-16  2.571057e-16
 4.446313e+13   3.255164e-16  2.538569e-16
 4.528976e+13   3.220721e-16  2.506397e-16
 4.613176e+13   3.186525e-16  2.474616e-16
 4.698941e+13   3.152580e-16  2.443197e-16
 4.786301e+13   3.118846e-16  2.412129e-16
 4.875285e+13   3.085433e-16  2.381377e-16
 4.965923e+13   3.052156e-16  2.350997e-16
 5.058247e+13   3.019131e-16  2.320926e-16
 5.152286e+13   2.986382e-16  2.291256e-16
 5.248075e+13   2.953864e-16  2.261837e-16
 5.345644e+13   2.921651e-16  2.232823e-16
 5.445027e+13   2.889604e-16  2.204086e-16
 5.546257e+13   2.857845e-16  2.175698e-16
 5.649370e+13   2.826299e-16  2.147635e-16
 5.754399e+13   2.795024e-16  2.119879e-16
 5.861382e+13   2.764002e-16  2.092455e-16
 5.970353e+13   2.733195e-16  2.065332e-16
 6.081350e+13   2.702660e-16  2.038515e-16
 6.194411e+13   2.672388e-16  2.012043e-16
 6.309573e+13   2.642320e-16  1.985835e-16
 6.426877e+13   2.612504e-16  1.959962e-16
 6.546362e+13   2.582950e-16  1.934361e-16
 6.668068e+13   2.553673e-16  1.909074e-16
 6.792036e+13   2.524626e-16  1.884087e-16
 6.918310e+13   2.495742e-16  1.859388e-16
 7.046931e+13   2.467222e-16  1.834957e-16
 7.177943e+13   2.438876e-16  1.810840e-16
 7.311391e+13   2.410833e-16  1.786985e-16
 7.447320e+13   2.382952e-16  1.763426e-16
 7.585776e+13   2.355402e-16  1.740147e-16
 7.726806e+13   2.328035e-16  1.717107e-16
 7.870458e+13   2.300932e-16  1.694414e-16
 8.016781e+13   2.274069e-16  1.671915e-16
 8.165824e+13   2.247455e-16  1.649727e-16
 8.317638e+13   2.221081e-16  1.627781e-16
 8.472274e+13   2.194920e-16  1.606125e-16
 8.629785e+13   2.169036e-16  1.584704e-16
 8.790225e+13   2.143362e-16  1.563540e-16
 8.953648e+13   2.117953e-16  1.542659e-16
 9.120108e+13   2.092764e-16  1.521983e-16
 9.289664e+13   2.067833e-16  1.501627e-16
 9.462372e+13   2.043113e-16  1.481442e-16
 9.638290e+13   2.018615e-16  1.461553e-16
 9.817479e+13   1.994370e-16  1.441883e-16
 1.000000e+14   1.970386e-16  1.422456e-16
 1.018591e+14   1.946597e-16  1.403270e-16
 1.037528e+14   1.923040e-16  1.384289e-16
 1.056818e+14   1.899731e-16  1.365602e-16
 1.076465e+14   1.876626e-16  1.347086e-16
 1.096478e+14   1.853761e-16  1.328837e-16
 1.116863e+14   1.831126e-16  1.310796e-16
 1.137627e+14   1.808725e-16  1.292972e-16
 1.158777e+14   1.786512e-16  1.275386e-16
 1.180321e+14   1.764554e-16  1.257997e-16
 1.202264e+14   1.742793e-16  1.240853e-16
 1.224616e+14   1.721273e-16  1.223891e-16
 1.247384e+14   1.699979e-16  1.207155e-16
 1.270574e+14   1.678891e-16  1.190629e-16
 1.294196e+14   1.657995e-16  1.174317e-16
 1.318257e+14   1.637349e-16  1.158198e-16
 1.342765e+14   1.616909e-16  1.142275e-16
 1.367729e+14   1.596662e-16  1.126576e-16
 1.393157e+14   1.576649e-16  1.111051e-16
 1.419058e+14   1.556841e-16  1.095736e-16
 1.445440e+14   1.537241e-16  1.080608e-16
 1.472313e+14   1.517832e-16  1.065681e-16
 1.499685e+14   1.498657e-16  1.050922e-16
 1.527566e+14   1.479653e-16  1.036370e-16
 1.555966e+14   1.460879e-16  1.021997e-16
 1.584893e+14   1.442298e-16  1.007813e-16
 1.614359e+14   1.423925e-16  9.938038e-17
 1.644372e+14   1.405737e-16  9.799736e-17
 1.674943e+14   1.387755e-16  9.663312e-17
 1.706082e+14   1.369964e-16  9.528551e-17
 1.737801e+14   1.352380e-16  9.395548e-17
 1.770109e+14   1.334974e-16  9.264231e-17
 1.803018e+14   1.317759e-16  9.134617e-17
 1.836538e+14   1.300771e-16  9.006712e-17
 1.870682e+14   1.283912e-16  8.880558e-17
 1.905461e+14   1.267284e-16  8.755655e-17
 1.940886e+14   1.250824e-16  8.632887e-17
 1.976970e+14   1.234562e-16  8.511351e-17
 2.013724e+14   1.218471e-16  8.391517e-17
 2.051162e+14   1.202574e-16  8.273303e-17
 2.089296e+14   1.186826e-16  8.156472e-17
 2.128139e+14   1.171296e-16  8.041342e-17
 2.167704e+14   1.155911e-16  7.927773e-17
 2.208005e+14   1.140728e-16  7.815406e-17
 2.249055e+14   1.125712e-16  7.704862e-17
 2.290868e+14   1.110856e-16  7.595509e-17
 2.333458e+14   1.096193e-16  7.487748e-17
 2.376840e+14   1.081687e-16  7.381309e-17
 2.421029e+14   1.067359e-16  7.276361e-17
 2.466039e+14   1.053189e-16  7.172762e-17
 2.511886e+14   1.039173e-16  7.070582e-17
 2.558586e+14   1.025349e-16  6.969658e-17
 2.606154e+14   1.011667e-16  6.870233e-17
 2.654606e+14   9.981594e-17  6.771983e-17
 2.703958e+14   9.847990e-17  6.675187e-17
 2.754229e+14   9.715976e-17  6.579557e-17
 2.805434e+14   9.585711e-17  6.485268e-17
 2.857591e+14   9.456799e-17  6.392256e-17
 2.910717e+14   9.329606e-17  6.300388e-17
 2.964831e+14   9.203742e-17  6.209890e-17
 3.019952e+14   9.079541e-17  6.120605e-17
 3.076097e+14   8.956726e-17  6.032398e-17
 3.133286e+14   8.835575e-17  5.945520e-17
 3.191538e+14   8.715644e-17  5.859705e-17
 3.250873e+14   8.597413e-17  5.775129e-17
 3.311311e+14   8.480523e-17  5.691671e-17
 3.372873e+14   8.364997e-17  5.609350e-17
 3.435579e+14   8.250942e-17  5.528137e-17
 3.499452e+14   8.138293e-17  5.448037e-17
 3.564511e+14   8.027079e-17  5.368999e-17
 3.630781e+14   7.917132e-17  5.291165e-17
 3.698282e+14   7.808715e-17  5.214218e-17
 3.767038e+14   7.701364e-17  5.138422e-17
 3.837072e+14   7.595627e-17  5.063634e-17
 3.908409e+14   7.491022e-17  4.989911e-17
 3.981072e+14   7.387781e-17  4.917140e-17
 4.055085e+14   7.285934e-17  4.845426e-17
 4.130475e+14   7.185200e-17  4.774637e-17
 4.207266e+14   7.085927e-17  4.704897e-17
 4.285485e+14   6.987592e-17  4.636036e-17
 4.365158e+14   6.890794e-17  4.568209e-17
 4.446313e+14   6.795078e-17  4.501260e-17
 4.528976e+14   6.700597e-17  4.435251e-17
 4.613176e+14   6.607415e-17  4.370206e-17
 4.698941e+14   6.515207e-17  4.306005e-17
 4.786301e+14   6.424401e-17  4.242707e-17
 4.875285e+14   6.334647e-17  4.180318e-17
 4.965923e+14   6.246067e-17  4.118784e-17
 5.058247e+14   6.158660e-17  4.058054e-17
 5.152286e+14   6.072236e-17  3.998258e-17
 5.248075e+14   5.987037e-17  3.939282e-17
 5.345644e+14   5.902963e-17  3.881042e-17
 5.445027e+14   5.819918e-17  3.823731e-17
 5.546257e+14   5.737990e-17  3.767154e-17
 5.649370e+14   5.657109e-17  3.711376e-17
 5.754399e+14   5.577252e-17  3.656459e-17
 5.861382e+14   5.498480e-17  3.602227e-17
 5.970353e+14   5.420699e-17  3.548744e-17
 6.081350e+14   5.343999e-17  3.496109e-17
 6.194411e+14   5.268210e-17  3.444163e-17
 6.309573e+14   5.193463e-17  3.392891e-17
 6.426877e+14   5.119689e-17  3.342477e-17
 6.546362e+14   5.046964e-17  3.292668e-17
 6.668068e+14   4.975065e-17  3.243593e-17
 6.792036e+14   4.904252e-17  3.195249e-17
 6.918310e+14   4.834249e-17  3.147568e-17
 7.046931e+14   4.765265e-17  3.100543e-17
 7.177943e+14   4.697200e-17  3.054259e-17
 7.311391e+14   4.629946e-17  3.008562e-17
 7.447320e+14   4.563714e-17  2.963511e-17
 7.585776e+14   4.498276e-17  2.919169e-17
 7.726806e+14   4.433818e-17  2.875402e-17
 7.870458e+14   4.370091e-17  2.832279e-17
 8.016781e+14   4.307250e-17  2.789778e-17
 8.165824e+14   4.245341e-17  2.747903e-17
 8.317638e+14   4.184199e-17  2.706596e-17
 8.472274e+14   4.123856e-17  2.665911e-17
 8.629785e+14   4.064406e-17  2.625795e-17
 8.790225e+14   4.005632e-17  2.586239e-17
 8.953648e+14   3.947843e-17  2.547276e-17
 9.120108e+14   3.890691e-17  2.508893e-17
 9.289664e+14   3.834325e-17  2.471027e-17
 9.462372e+14   3.778780e-17  2.433718e-17
 9.638290e+14   3.723969e-17  2.396965e-17
 9.817479e+14   3.669878e-17  2.360727e-17
 1.000000e+15   3.616605e-17  2.325012e-17
 1.018591e+15   3.563945e-17  2.289827e-17
 1.037528e+15   3.512141e-17  2.255131e-17
 1.056818e+15   3.460894e-17  2.220986e-17
 1.076465e+15   3.410474e-17  2.187289e-17
 1.096478e+15   3.360697e-17  2.154083e-17
 1.116863e+15   3.311644e-17  2.121405e-17
 1.137627e+15   3.263211e-17  2.089140e-17
 1.158777e+15   3.215483e-17  2.057418e-17
 1.180321e+15   3.168420e-17  2.026102e-17
 1.202264e+15   3.121983e-17  1.995278e-17
 1.224616e+15   3.076192e-17  1.964878e-17
 1.247384e+15   3.031075e-17  1.934937e-17
 1.270574e+15   2.986547e-17  1.905442e-17
 1.294196e+15   2.942640e-17  1.876364e-17
 1.318257e+15   2.899346e-17  1.847709e-17
 1.342765e+15   2.856685e-17  1.819517e-17
 1.367729e+15   2.814579e-17  1.791672e-17
 1.393157e+15   2.773074e-17  1.764292e-17
 1.419058e+15   2.732151e-17  1.737308e-17
 1.445440e+15   2.691805e-17  1.710705e-17
 1.472313e+15   2.652018e-17  1.684483e-17
 1.499685e+15   2.612826e-17  1.658659e-17
 1.527566e+15   2.574145e-17  1.633233e-17
 1.555966e+15   2.536004e-17  1.608154e-17
 1.584893e+15   2.498431e-17  1.583482e-17
 1.614359e+15   2.461360e-17  1.559159e-17
 1.644372e+15   2.424843e-17  1.535176e-17
 1.674943e+15   2.388804e-17  1.511575e-17
 1.706082e+15   2.353311e-17  1.488322e-17
 1.737801e+15   2.318307e-17  1.465400e-17
 1.770109e+15   2.283811e-17  1.442828e-17
 1.803018e+15   2.249788e-17  1.420583e-17
 1.836538e+15   2.216255e-17  1.398695e-17
 1.870682e+15   2.183186e-17  1.377093e-17
 1.905461e+15   2.150614e-17  1.355854e-17
 1.940886e+15   2.118484e-17  1.334901e-17
 1.976970e+15   2.086816e-17  1.314269e-17
 2.013724e+15   2.055611e-17  1.293960e-17
 2.051162e+15   2.024828e-17  1.273935e-17
 2.089296e+15   1.994534e-17  1.254229e-17
 2.128139e+15   1.964597e-17  1.234786e-17
 2.167704e+15   1.935191e-17  1.215676e-17
 2.208005e+15   1.906132e-17  1.196837e-17
 2.249055e+15   1.877501e-17  1.178251e-17
 2.290868e+15   1.849307e-17  1.159987e-17
 2.333458e+15   1.821510e-17  1.141978e-17
 2.376840e+15   1.794105e-17  1.124240e-17
 2.421029e+15   1.767089e-17  1.106757e-17
 2.466039e+15   1.740491e-17  1.089570e-17
 2.511886e+15   1.714216e-17  1.072609e-17
 2.558586e+15   1.688413e-17  1.055922e-17
 2.606154e+15   1.662910e-17  1.039477e-17
 2.654606e+15   1.637801e-17  1.023296e-17
 2.703958e+15   1.613064e-17  1.007342e-17
 2.754229e+15   1.588694e-17  9.916270e-18
 2.805434e+15   1.564638e-17  9.761742e-18
 2.857591e+15   1.540966e-17  9.609361e-18
 2.910717e+15   1.517633e-17  9.459217e-18
 2.964831e+15   1.494625e-17  9.311513e-18
 3.019952e+15   1.471968e-17  9.166097e-18
 3.076097e+15   1.449646e-17  9.022627e-18
 3.133286e+15   1.427641e-17  8.881552e-18
 3.191538e+15   1.405946e-17  8.742559e-18
 3.250873e+15   1.384595e-17  8.605719e-18
 3.311311e+15   1.363533e-17  8.470908e-18
 3.372873e+15   1.342778e-17  8.338083e-18
 3.435579e+15   1.322354e-17  8.207494e-18
 3.499452e+15   1.302209e-17  8.078685e-18
 3.564511e+15   1.282366e-17  7.951869e-18
 3.630781e+15   1.262810e-17  7.827146e-18
 3.698282e+15   1.243553e-17  7.704132e-18
 3.767038e+15   1.224569e-17  7.583150e-18
 3.837072e+15   1.205854e-17  7.463939e-18
 3.908409e+15   1.187439e-17  7.346541e-18
 3.981072e+15   1.169287e-17  7.230999e-18
 4.055085e+15   1.151395e-17  7.117199e-18
 4.130475e+15   1.133780e-17  7.005059e-18
 4.207266e+15   1.116416e-17  6.894766e-18
 4.285485e+15   1.099309e-17  6.786155e-18
 4.365158e+15   1.082454e-17  6.679119e-18
 4.446313e+15   1.065873e-17  6.573830e-18
 4.528976e+15   1.049498e-17  6.470047e-18
 4.613176e+15   1.033401e-17  6.367923e-18
 4.698941e+15   1.017524e-17  6.267450e-18
 4.786301e+15   1.001886e-17  6.168413e-18
 4.875285e+15   9.864762e-18  6.070892e-18
 4.965923e+15   9.713004e-18  5.974931e-18
 5.058247e+15   9.563641e-18  5.880453e-18
 5.152286e+15   9.416289e-18  5.787392e-18
 5.248075e+15   9.271173e-18  5.695695e-18
 5.345644e+15   9.128435e-18  5.605640e-18
 5.445027e+15   8.987502e-18  5.516839e-18
 5.546257e+15   8.848964e-18  5.429344e-18
 5.649370e+15   8.712319e-18  5.343279e-18
 5.754399e+15   8.577771e-18  5.258557e-18
 5.861382e+15   8.445212e-18  5.175194e-18
 5.970353e+15   8.314722e-18  5.092983e-18
 6.081350e+15   8.186157e-18  5.012106e-18
 6.194411e+15   8.059469e-18  4.932574e-18
 6.309573e+15   7.934720e-18  4.854147e-18
 6.426877e+15   7.811896e-18  4.777015e-18
 6.546362e+15   7.690809e-18  4.701000e-18
 6.668068e+15   7.571550e-18  4.626240e-18
 6.792036e+15   7.454240e-18  4.552735e-18
 6.918310e+15   7.338535e-18  4.480147e-18
 7.046931e+15   7.224645e-18  4.408794e-18
 7.177943e+15   7.112425e-18  4.338645e-18
 7.311391e+15   7.002029e-18  4.269487e-18
 7.447320e+15   6.893104e-18  4.201372e-18
 7.585776e+15   6.785915e-18  4.134414e-18
 7.726806e+15   6.680421e-18  4.068486e-18
 7.870458e+15   6.576407e-18  4.003531e-18
 8.016781e+15   6.474030e-18  3.939632e-18
 8.165824e+15   6.373216e-18  3.876694e-18
 8.317638e+15   6.273918e-18  3.814778e-18
 8.472274e+15   6.176025e-18  3.753864e-18
 8.629785e+15   6.079795e-18  3.693822e-18
 8.790225e+15   5.984945e-18  3.634710e-18
 8.953648e+15   5.891451e-18  3.576694e-18
 9.120108e+15   5.799476e-18  3.519378e-18
 9.289664e+15   5.708917e-18  3.463023e-18
 9.462372e+15   5.619691e-18  3.407620e-18
 9.638290e+15   5.531748e-18  3.353010e-18
 9.817479e+15   5.445319e-18  3.299296e-18
