 1.000000e+08  0.000000e+00
 1.018591e+08  0.000000e+00
 1.037528e+08  0.000000e+00
 1.056818e+08  0.000000e+00
 1.076465e+08  0.000000e+00
 1.096478e+08  0.000000e+00
 1.116863e+08  0.000000e+00
 1.137627e+08  0.000000e+00
 1.158777e+08  0.000000e+00
 1.180321e+08  0.000000e+00
 1.202264e+08  0.000000e+00
 1.224616e+08  0.000000e+00
 1.247384e+08  0.000000e+00
 1.270574e+08  0.000000e+00
 1.294196e+08  0.000000e+00
 1.318257e+08  0.000000e+00
 1.342765e+08  0.000000e+00
 1.367729e+08  0.000000e+00
 1.393157e+08  0.000000e+00
 1.419058e+08  0.000000e+00
 1.445440e+08  0.000000e+00
 1.472313e+08  0.000000e+00
 1.499685e+08  0.000000e+00
 1.527566e+08  0.000000e+00
 1.555966e+08  0.000000e+00
 1.584893e+08  0.000000e+00
 1.614359e+08  0.000000e+00
 1.644372e+08  0.000000e+00
 1.674943e+08  0.000000e+00
 1.706082e+08  0.000000e+00
 1.737801e+08  0.000000e+00
 1.770109e+08  0.000000e+00
 1.803018e+08  0.000000e+00
 1.836538e+08  0.000000e+00
 1.870682e+08  0.000000e+00
 1.905461e+08  0.000000e+00
 1.940886e+08  0.000000e+00
 1.976970e+08  0.000000e+00
 2.013724e+08  0.000000e+00
 2.051162e+08  0.000000e+00
 2.089296e+08  0.000000e+00
 2.128139e+08  0.000000e+00
 2.167704e+08  0.000000e+00
 2.208005e+08  0.000000e+00
 2.249055e+08  0.000000e+00
 2.290868e+08  0.000000e+00
 2.333458e+08  0.000000e+00
 2.376840e+08  0.000000e+00
 2.421029e+08  0.000000e+00
 2.466039e+08  0.000000e+00
 2.511886e+08  0.000000e+00
 2.558586e+08  0.000000e+00
 2.606154e+08  0.000000e+00
 2.654606e+08  7.982525e-24
 2.703958e+08  2.456770e-23
 2.754229e+08  4.635034e-23
 2.805434e+08  7.221533e-23
 2.857591e+08  1.031579e-22
 2.910717e+08  1.469364e-22
 2.964831e+08  2.053045e-22
 3.019952e+08  2.766786e-22
 3.076097e+08  3.620543e-22
 3.133286e+08  4.588282e-22
 3.191538e+08  5.646343e-22
 3.250873e+08  6.779348e-22
 3.311311e+08  7.976072e-22
 3.372873e+08  9.231533e-22
 3.435579e+08  1.054203e-21
 3.499452e+08  1.191100e-21
 3.564511e+08  1.344641e-21
 3.630781e+08  1.517217e-21
 3.698282e+08  1.702124e-21
 3.767038e+08  1.896778e-21
 3.837072e+08  2.099528e-21
 3.908409e+08  2.309559e-21
 3.981072e+08  2.528964e-21
 4.055085e+08  2.767048e-21
 4.130475e+08  3.024135e-21
 4.207266e+08  3.293476e-21
 4.285485e+08  3.572409e-21
 4.365158e+08  3.858860e-21
 4.446313e+08  4.151717e-21
 4.528976e+08  4.449951e-21
 4.613176e+08  4.794588e-21
 4.698941e+08  5.433922e-21
 4.786301e+08  6.349206e-21
 4.875285e+08  7.438350e-21
 4.965923e+08  8.660952e-21
 5.058247e+08  9.990932e-21
 5.152286e+08  1.140920e-20
 5.248075e+08  1.290549e-20
 5.345644e+08  1.448522e-20
 5.445027e+08  1.614154e-20
 5.546257e+08  1.785839e-20
 5.649370e+08  1.962377e-20
 5.754399e+08  2.142620e-20
 5.861382e+08  2.325942e-20
 5.970353e+08  2.511672e-20
 6.081350e+08  2.699244e-20
 6.194411e+08  2.893350e-20
 6.309573e+08  3.097239e-20
 6.426877e+08  3.307167e-20
 6.546362e+08  3.521387e-20
 6.668068e+08  3.738691e-20
 6.792036e+08  3.958688e-20
 6.918310e+08  4.181063e-20
 7.046931e+08  4.403891e-20
 7.177943e+08  4.630422e-20
 7.311391e+08  4.860539e-20
 7.447320e+08  5.092354e-20
 7.585776e+08  5.325991e-20
 7.726806e+08  5.560125e-20
 7.870458e+08  5.794161e-20
 8.016781e+08  6.027888e-20
 8.165824e+08  6.260884e-20
 8.317638e+08  6.492978e-20
 8.472274e+08  6.724266e-20
 8.629785e+08  6.964341e-20
 8.790225e+08  7.243813e-20
 8.953648e+08  7.545416e-20
 9.120108e+08  7.861415e-20
 9.289664e+08  8.189153e-20
 9.462372e+08  8.524776e-20
 9.638290e+08  8.867046e-20
 9.817479e+08  9.214850e-20
 1.000000e+09  9.566477e-20
 1.018591e+09  9.921980e-20
 1.037528e+09  1.027990e-19
 1.056818e+09  1.063960e-19
 1.076465e+09  1.100096e-19
 1.096478e+09  1.136396e-19
 1.116863e+09  1.172704e-19
 1.137627e+09  1.209139e-19
 1.158777e+09  1.245390e-19
 1.180321e+09  1.281586e-19
 1.202264e+09  1.318048e-19
 1.224616e+09  1.354184e-19
 1.247384e+09  1.390293e-19
 1.270574e+09  1.426343e-19
 1.294196e+09  1.462234e-19
 1.318257e+09  1.497892e-19
 1.342765e+09  1.533418e-19
 1.367729e+09  1.568815e-19
 1.393157e+09  1.604050e-19
 1.419058e+09  1.639034e-19
 1.445440e+09  1.673809e-19
 1.472313e+09  1.708391e-19
 1.499685e+09  1.742947e-19
 1.527566e+09  1.777346e-19
 1.555966e+09  1.811781e-19
 1.584893e+09  1.846183e-19
 1.614359e+09  1.880520e-19
 1.644372e+09  1.914975e-19
 1.674943e+09  1.949270e-19
 1.706082e+09  1.983430e-19
 1.737801e+09  2.017670e-19
 1.770109e+09  2.051769e-19
 1.803018e+09  2.085791e-19
 1.836538e+09  2.119700e-19
 1.870682e+09  2.154113e-19
 1.905461e+09  2.188238e-19
 1.940886e+09  2.222552e-19
 1.976970e+09  2.256561e-19
 2.013724e+09  2.290717e-19
 2.051162e+09  2.325066e-19
 2.089296e+09  2.359059e-19
 2.128139e+09  2.393199e-19
 2.167704e+09  2.427624e-19
 2.208005e+09  2.461738e-19
 2.249055e+09  2.496067e-19
 2.290868e+09  2.530576e-19
 2.333458e+09  2.564882e-19
 2.376840e+09  2.598719e-19
 2.421029e+09  2.632960e-19
 2.466039e+09  2.666730e-19
 2.511886e+09  2.700106e-19
 2.558586e+09  2.733757e-19
 2.606154e+09  2.767378e-19
 2.654606e+09  2.800825e-19
 2.703958e+09  2.834107e-19
 2.754229e+09  2.867962e-19
 2.805434e+09  2.902364e-19
 2.857591e+09  2.936949e-19
 2.910717e+09  2.972152e-19
 2.964831e+09  3.008059e-19
 3.019952e+09  3.044560e-19
 3.076097e+09  3.080784e-19
 3.133286e+09  3.117962e-19
 3.191538e+09  3.155831e-19
 3.250873e+09  3.194375e-19
 3.311311e+09  3.232670e-19
 3.372873e+09  3.272216e-19
 3.435579e+09  3.311211e-19
 3.499452e+09  3.350288e-19
 3.564511e+09  3.390192e-19
 3.630781e+09  3.430808e-19
 3.698282e+09  3.472809e-19
 3.767038e+09  3.515774e-19
 3.837072e+09  3.560096e-19
 3.908409e+09  3.605937e-19
 3.981072e+09  3.654450e-19
 4.055085e+09  3.705609e-19
 4.130475e+09  3.761606e-19
 4.207266e+09  3.826009e-19
 4.285485e+09  3.900467e-19
 4.365158e+09  3.985282e-19
 4.446313e+09  4.077681e-19
 4.528976e+09  4.177309e-19
 4.613176e+09  4.283625e-19
 4.698941e+09  4.398088e-19
 4.786301e+09  4.520162e-19
 4.875285e+09  4.650762e-19
 4.965923e+09  4.788300e-19
 5.058247e+09  4.932157e-19
 5.152286e+09  5.081585e-19
 5.248075e+09  5.235735e-19
 5.345644e+09  5.394587e-19
 5.445027e+09  5.559065e-19
 5.546257e+09  5.726404e-19
 5.649370e+09  5.898963e-19
 5.754399e+09  6.074804e-19
 5.861382e+09  6.254714e-19
 5.970353e+09  6.439069e-19
 6.081350e+09  6.627447e-19
 6.194411e+09  6.819610e-19
 6.309573e+09  7.015370e-19
 6.426877e+09  7.302429e-19
 6.546362e+09  8.030559e-19
 6.668068e+09  9.014500e-19
 6.792036e+09  1.017307e-18
 6.918310e+09  1.147939e-18
 7.046931e+09  1.289809e-18
 7.177943e+09  1.441866e-18
 7.311391e+09  1.602198e-18
 7.447320e+09  1.769991e-18
 7.585776e+09  1.943992e-18
 7.726806e+09  2.123747e-18
 7.870458e+09  2.308070e-18
 8.016781e+09  2.496128e-18
 8.165824e+09  2.687132e-18
 8.317638e+09  2.880486e-18
 8.472274e+09  3.075476e-18
 8.629785e+09  3.271695e-18
 8.790225e+09  3.471435e-18
 8.953648e+09  3.669023e-18
 9.120108e+09  3.866486e-18
 9.289664e+09  4.067537e-18
 9.462372e+09  4.264978e-18
 9.638290e+09  4.461690e-18
 9.817479e+09  4.662967e-18
 1.000000e+10  4.863957e-18
 1.018591e+10  5.064108e-18
 1.037528e+10  5.269084e-18
 1.056818e+10  5.469692e-18
 1.076465e+10  5.679192e-18
 1.096478e+10  5.890638e-18
 1.116863e+10  6.102866e-18
 1.137627e+10  6.315688e-18
 1.158777e+10  6.523102e-18
 1.180321e+10  6.733741e-18
 1.202264e+10  6.948377e-18
 1.224616e+10  7.164522e-18
 1.247384e+10  7.382290e-18
 1.270574e+10  7.608667e-18
 1.294196e+10  7.834817e-18
 1.318257e+10  8.058072e-18
 1.342765e+10  8.285158e-18
 1.367729e+10  8.515819e-18
 1.393157e+10  8.753130e-18
 1.419058e+10  8.997358e-18
 1.445440e+10  9.235962e-18
 1.472313e+10  9.483307e-18
 1.499685e+10  9.738149e-18
 1.527566e+10  9.988372e-18
 1.555966e+10  1.025758e-17
 1.584893e+10  1.051639e-17
 1.614359e+10  1.079563e-17
 1.644372e+10  1.107340e-17
 1.674943e+10  1.138612e-17
 1.706082e+10  1.171132e-17
 1.737801e+10  1.204472e-17
 1.770109e+10  1.240595e-17
 1.803018e+10  1.278196e-17
 1.836538e+10  1.316446e-17
 1.870682e+10  1.358108e-17
 1.905461e+10  1.401906e-17
 1.940886e+10  1.448193e-17
 1.976970e+10  1.495853e-17
 2.013724e+10  1.544806e-17
 2.051162e+10  1.596308e-17
 2.089296e+10  1.650095e-17
 2.128139e+10  1.705864e-17
 2.167704e+10  1.763204e-17
 2.208005e+10  1.833061e-17
 2.249055e+10  1.916460e-17
 2.290868e+10  2.008115e-17
 2.333458e+10  2.105933e-17
 2.376840e+10  2.209857e-17
 2.421029e+10  2.318314e-17
 2.466039e+10  2.430874e-17
 2.511886e+10  2.545387e-17
 2.558586e+10  2.663313e-17
 2.606154e+10  2.795884e-17
 2.654606e+10  2.943331e-17
 2.703958e+10  3.099931e-17
 2.754229e+10  3.267202e-17
 2.805434e+10  3.437314e-17
 2.857591e+10  3.611347e-17
 2.910717e+10  3.787050e-17
 2.964831e+10  3.969117e-17
 3.019952e+10  4.156800e-17
 3.076097e+10  4.347318e-17
 3.133286e+10  4.536902e-17
 3.191538e+10  4.730035e-17
 3.250873e+10  4.928059e-17
 3.311311e+10  5.135487e-17
 3.372873e+10  5.366128e-17
 3.435579e+10  5.595449e-17
 3.499452e+10  5.836040e-17
 3.564511e+10  6.087713e-17
 3.630781e+10  6.342242e-17
 3.698282e+10  6.597086e-17
 3.767038e+10  6.870341e-17
 3.837072e+10  7.122366e-17
 3.908409e+10  7.394008e-17
 3.981072e+10  7.663353e-17
 4.055085e+10  7.931191e-17
 4.130475e+10  8.202311e-17
 4.207266e+10  8.479959e-17
 4.285485e+10  8.739113e-17
 4.365158e+10  9.011860e-17
 4.446313e+10  9.284728e-17
 4.528976e+10  9.555445e-17
 4.613176e+10  9.825843e-17
 4.698941e+10  1.008552e-16
 4.786301e+10  1.034090e-16
 4.875285e+10  1.060248e-16
 4.965923e+10  1.086086e-16
 5.058247e+10  1.111538e-16
 5.152286e+10  1.136449e-16
 5.248075e+10  1.161132e-16
 5.345644e+10  1.185921e-16
 5.445027e+10  1.210339e-16
 5.546257e+10  1.234308e-16
 5.649370e+10  1.257798e-16
 5.754399e+10  1.281088e-16
 5.861382e+10  1.304000e-16
 5.970353e+10  1.327294e-16
 6.081350e+10  1.350154e-16
 6.194411e+10  1.371969e-16
 6.309573e+10  1.393120e-16
 6.426877e+10  1.414688e-16
 6.546362e+10  1.436673e-16
 6.668068e+10  1.457665e-16
 6.792036e+10  1.478229e-16
 6.918310e+10  1.497778e-16
 7.046931e+10  1.518956e-16
 7.177943e+10  1.539353e-16
 7.311391e+10  1.558291e-16
 7.447320e+10  1.579471e-16
 7.585776e+10  1.597937e-16
 7.726806e+10  1.617597e-16
 7.870458e+10  1.637647e-16
 8.016781e+10  1.656311e-16
 8.165824e+10  1.675325e-16
 8.317638e+10  1.694435e-16
 8.472274e+10  1.713051e-16
 8.629785e+10  1.731668e-16
 8.790225e+10  1.750659e-16
 8.953648e+10  1.768782e-16
 9.120108e+10  1.787719e-16
 9.289664e+10  1.805237e-16
 9.462372e+10  1.824240e-16
 9.638290e+10  1.841678e-16
 9.817479e+10  1.859978e-16
 1.000000e+11  1.878298e-16
 1.018591e+11  1.895894e-16
 1.037528e+11  1.915112e-16
 1.056818e+11  1.931738e-16
 1.076465e+11  1.951074e-16
 1.096478e+11  1.969433e-16
 1.116863e+11  1.987292e-16
 1.137627e+11  2.005187e-16
 1.158777e+11  2.024085e-16
 1.180321e+11  2.042673e-16
 1.202264e+11  2.060109e-16
 1.224616e+11  2.078592e-16
 1.247384e+11  2.097390e-16
 1.270574e+11  2.115397e-16
 1.294196e+11  2.133930e-16
 1.318257e+11  2.152022e-16
 1.342765e+11  2.170433e-16
 1.367729e+11  2.189457e-16
 1.393157e+11  2.208510e-16
 1.419058e+11  2.227841e-16
 1.445440e+11  2.247074e-16
 1.472313e+11  2.266244e-16
 1.499685e+11  2.286109e-16
 1.527566e+11  2.306477e-16
 1.555966e+11  2.326604e-16
 1.584893e+11  2.347057e-16
 1.614359e+11  2.367755e-16
 1.644372e+11  2.388571e-16
 1.674943e+11  2.409844e-16
 1.706082e+11  2.430775e-16
 1.737801e+11  2.452052e-16
 1.770109e+11  2.473560e-16
 1.803018e+11  2.495387e-16
 1.836538e+11  2.516672e-16
 1.870682e+11  2.538381e-16
 1.905461e+11  2.560309e-16
 1.940886e+11  2.582138e-16
 1.976970e+11  2.604506e-16
 2.013724e+11  2.627305e-16
 2.051162e+11  2.649612e-16
 2.089296e+11  2.672635e-16
 2.128139e+11  2.695672e-16
 2.167704e+11  2.718683e-16
 2.208005e+11  2.741624e-16
 2.249055e+11  2.764505e-16
 2.290868e+11  2.788194e-16
 2.333458e+11  2.811920e-16
 2.376840e+11  2.836738e-16
 2.421029e+11  2.860690e-16
 2.466039e+11  2.884696e-16
 2.511886e+11  2.908885e-16
 2.558586e+11  2.934021e-16
 2.606154e+11  2.959536e-16
 2.654606e+11  2.984331e-16
 2.703958e+11  3.009742e-16
 2.754229e+11  3.034958e-16
 2.805434e+11  3.061087e-16
 2.857591e+11  3.087356e-16
 2.910717e+11  3.112745e-16
 2.964831e+11  3.139440e-16
 3.019952e+11  3.166457e-16
 3.076097e+11  3.192466e-16
 3.133286e+11  3.219743e-16
 3.191538e+11  3.247634e-16
 3.250873e+11  3.273606e-16
 3.311311e+11  3.300956e-16
 3.372873e+11  3.329114e-16
 3.435579e+11  3.356779e-16
 3.499452e+11  3.384845e-16
 3.564511e+11  3.412439e-16
 3.630781e+11  3.440769e-16
 3.698282e+11  3.469900e-16
 3.767038e+11  3.497967e-16
 3.837072e+11  3.526531e-16
 3.908409e+11  3.555697e-16
 3.981072e+11  3.583976e-16
 4.055085e+11  3.614367e-16
 4.130475e+11  3.643691e-16
 4.207266e+11  3.674000e-16
 4.285485e+11  3.703634e-16
 4.365158e+11  3.734351e-16
 4.446313e+11  3.764206e-16
 4.528976e+11  3.795301e-16
 4.613176e+11  3.825425e-16
 4.698941e+11  3.856932e-16
 4.786301e+11  3.888131e-16
 4.875285e+11  3.919526e-16
 4.965923e+11  3.951231e-16
 5.058247e+11  3.982814e-16
 5.152286e+11  4.014755e-16
 5.248075e+11  4.046977e-16
 5.345644e+11  4.079024e-16
 5.445027e+11  4.111571e-16
 5.546257e+11  4.143536e-16
 5.649370e+11  4.176470e-16
 5.754399e+11  4.209066e-16
 5.861382e+11  4.242200e-16
 5.970353e+11  4.275788e-16
 6.081350e+11  4.308474e-16
 6.194411e+11  4.342732e-16
 6.309573e+11  4.375708e-16
 6.426877e+11  4.409652e-16
 6.546362e+11  4.443469e-16
 6.668068e+11  4.477041e-16
 6.792036e+11  4.510940e-16
 6.918310e+11  4.545104e-16
 7.046931e+11  4.579243e-16
 7.177943e+11  4.614008e-16
 7.311391e+11  4.648584e-16
 7.447320e+11  4.682766e-16
 7.585776e+11  4.717473e-16
 7.726806e+11  4.752028e-16
 7.870458e+11  4.786480e-16
 8.016781e+11  4.821968e-16
 8.165824e+11  4.856547e-16
 8.317638e+11  4.890975e-16
 8.472274e+11  4.926497e-16
 8.629785e+11  4.961668e-16
 8.790225e+11  4.996814e-16
 8.953648e+11  5.031675e-16
 9.120108e+11  5.067338e-16
 9.289664e+11  5.102919e-16
 9.462372e+11  5.138240e-16
 9.638290e+11  5.173158e-16
 9.817479e+11  5.208930e-16
 1.000000e+12  5.244793e-16
 1.018591e+12  5.279831e-16
 1.037528e+12  5.315095e-16
 1.056818e+12  5.351064e-16
 1.076465e+12  5.386293e-16
 1.096478e+12  5.421192e-16
 1.116863e+12  5.457002e-16
 1.137627e+12  5.492437e-16
 1.158777e+12  5.527770e-16
 1.180321e+12  5.562861e-16
 1.202264e+12  5.597771e-16
 1.224616e+12  5.633153e-16
 1.247384e+12  5.667987e-16
 1.270574e+12  5.702637e-16
 1.294196e+12  5.737883e-16
 1.318257e+12  5.772176e-16
 1.342765e+12  5.806578e-16
 1.367729e+12  5.840647e-16
 1.393157e+12  5.874875e-16
 1.419058e+12  5.909219e-16
 1.445440e+12  5.942927e-16
 1.472313e+12  5.976838e-16
 1.499685e+12  6.009826e-16
 1.527566e+12  6.043104e-16
 1.555966e+12  6.076061e-16
 1.584893e+12  6.108883e-16
 1.614359e+12  6.141399e-16
 1.644372e+12  6.173840e-16
 1.674943e+12  6.205719e-16
 1.706082e+12  6.237593e-16
 1.737801e+12  6.269045e-16
 1.770109e+12  6.300364e-16
 1.803018e+12  6.331140e-16
 1.836538e+12  6.361657e-16
 1.870682e+12  6.391623e-16
 1.905461e+12  6.421714e-16
 1.940886e+12  6.450875e-16
 1.976970e+12  6.480231e-16
 2.013724e+12  6.508745e-16
 2.051162e+12  6.537379e-16
 2.089296e+12  6.565111e-16
 2.128139e+12  6.592656e-16
 2.167704e+12  6.619801e-16
 2.208005e+12  6.646119e-16
 2.249055e+12  6.672692e-16
 2.290868e+12  6.698000e-16
 2.333458e+12  6.723025e-16
 2.376840e+12  6.747779e-16
 2.421029e+12  6.771677e-16
 2.466039e+12  6.795427e-16
 2.511886e+12  6.818541e-16
 2.558586e+12  6.840740e-16
 2.606154e+12  6.862799e-16
 2.654606e+12  6.883990e-16
 2.703958e+12  6.904682e-16
 2.754229e+12  6.924897e-16
 2.805434e+12  6.944105e-16
 2.857591e+12  6.963247e-16
 2.910717e+12  6.981316e-16
 2.964831e+12  6.998725e-16
 3.019952e+12  7.015526e-16
 3.076097e+12  7.031968e-16
 3.133286e+12  7.047266e-16
 3.191538e+12  7.061834e-16
 3.250873e+12  7.076132e-16
 3.311311e+12  7.089344e-16
 3.372873e+12  7.101823e-16
 3.435579e+12  7.113757e-16
 3.499452e+12  7.124741e-16
 3.564511e+12  7.135106e-16
 3.630781e+12  7.144635e-16
 3.698282e+12  7.153517e-16
 3.767038e+12  7.161428e-16
 3.837072e+12  7.168490e-16
 3.908409e+12  7.174649e-16
 3.981072e+12  7.180400e-16
 4.055085e+12  7.184800e-16
 4.130475e+12  7.188571e-16
 4.207266e+12  7.191596e-16
 4.285485e+12  7.193835e-16
 4.365158e+12  7.195133e-16
 4.446313e+12  7.195661e-16
 4.528976e+12  7.195270e-16
 4.613176e+12  7.194006e-16
 4.698941e+12  7.191990e-16
 4.786301e+12  7.189073e-16
 4.875285e+12  7.184965e-16
 4.965923e+12  7.180391e-16
 5.058247e+12  7.174736e-16
 5.152286e+12  7.168411e-16
 5.248075e+12  7.161029e-16
 5.345644e+12  7.152858e-16
 5.445027e+12  7.143696e-16
 5.546257e+12  7.133640e-16
 5.649370e+12  7.122887e-16
 5.754399e+12  7.111506e-16
 5.861382e+12  7.099090e-16
 5.970353e+12  7.085751e-16
 6.081350e+12  7.071513e-16
 6.194411e+12  7.056416e-16
 6.309573e+12  7.040460e-16
 6.426877e+12  7.023772e-16
 6.546362e+12  7.006408e-16
 6.668068e+12  6.988262e-16
 6.792036e+12  6.969165e-16
 6.918310e+12  6.949135e-16
 7.046931e+12  6.928469e-16
 7.177943e+12  6.907108e-16
 7.311391e+12  6.884912e-16
 7.447320e+12  6.861911e-16
 7.585776e+12  6.838255e-16
 7.726806e+12  6.813997e-16
 7.870458e+12  6.788870e-16
 8.016781e+12  6.763098e-16
 8.165824e+12  6.736524e-16
 8.317638e+12  6.709373e-16
 8.472274e+12  6.681624e-16
 8.629785e+12  6.653130e-16
 8.790225e+12  6.624067e-16
 8.953648e+12  6.594261e-16
 9.120108e+12  6.563894e-16
 9.289664e+12  6.533071e-16
 9.462372e+12  6.501701e-16
 9.638290e+12  6.469702e-16
 9.817479e+12  6.437046e-16
 1.000000e+13  6.403951e-16
 1.018591e+13  6.370453e-16
 1.037528e+13  6.336450e-16
 1.056818e+13  6.301940e-16
 1.076465e+13  6.266925e-16
 1.096478e+13  6.231617e-16
 1.116863e+13  6.195787e-16
 1.137627e+13  6.159476e-16
 1.158777e+13  6.122891e-16
 1.180321e+13  6.085890e-16
 1.202264e+13  6.048500e-16
 1.224616e+13  6.010775e-16
 1.247384e+13  5.972789e-16
 1.270574e+13  5.934487e-16
 1.294196e+13  5.895819e-16
 1.318257e+13  5.857041e-16
 1.342765e+13  5.817868e-16
 1.367729e+13  5.778427e-16
 1.393157e+13  5.738740e-16
 1.419058e+13  5.698983e-16
 1.445440e+13  5.658935e-16
 1.472313e+13  5.618608e-16
 1.499685e+13  5.578298e-16
 1.527566e+13  5.537796e-16
 1.555966e+13  5.497044e-16
 1.584893e+13  5.456167e-16
 1.614359e+13  5.415278e-16
 1.644372e+13  5.374232e-16
 1.674943e+13  5.333068e-16
 1.706082e+13  5.291818e-16
 1.737801e+13  5.250610e-16
 1.770109e+13  5.209255e-16
 1.803018e+13  5.167915e-16
 1.836538e+13  5.126527e-16
 1.870682e+13  5.085037e-16
 1.905461e+13  5.043552e-16
 1.940886e+13  5.002041e-16
 1.976970e+13  4.960616e-16
 2.013724e+13  4.919205e-16
 2.051162e+13  4.877822e-16
 2.089296e+13  4.836441e-16
 2.128139e+13  4.795140e-16
 2.167704e+13  4.753905e-16
 2.208005e+13  4.712699e-16
 2.249055e+13  4.671624e-16
 2.290868e+13  4.630590e-16
 2.333458e+13  4.589560e-16
 2.376840e+13  4.548734e-16
 2.421029e+13  4.507942e-16
 2.466039e+13  4.467269e-16
 2.511886e+13  4.426853e-16
 2.558586e+13  4.386419e-16
 2.606154e+13  4.346072e-16
 2.654606e+13  4.305990e-16
 2.703958e+13  4.265914e-16
 2.754229e+13  4.226033e-16
 2.805434e+13  4.186393e-16
 2.857591e+13  4.146786e-16
 2.910717e+13  4.107420e-16
 2.964831e+13  4.068262e-16
 3.019952e+13  4.029180e-16
 3.076097e+13  3.990293e-16
 3.133286e+13  3.951562e-16
 3.191538e+13  3.913080e-16
 3.250873e+13  3.874769e-16
 3.311311e+13  3.836607e-16
 3.372873e+13  3.798688e-16
 3.435579e+13  3.760932e-16
 3.499452e+13  3.723418e-16
 3.564511e+13  3.686069e-16
 3.630781e+13  3.648944e-16
 3.698282e+13  3.612079e-16
 3.767038e+13  3.575363e-16
 3.837072e+13  3.538898e-16
 3.908409e+13  3.502594e-16
 3.981072e+13  3.466549e-16
 4.055085e+13  3.430786e-16
 4.130475e+13  3.395183e-16
 4.207266e+13  3.359848e-16
 4.285485e+13  3.324711e-16
 4.365158e+13  3.289797e-16
 4.446313e+13  3.255164e-16
 4.528976e+13  3.220721e-16
 4.613176e+13  3.186525e-16
 4.698941e+13  3.152580e-16
 4.786301e+13  3.118846e-16
 4.875285e+13  3.085433e-16
 4.965923e+13  3.052156e-16
 5.058247e+13  3.019131e-16
 5.152286e+13  2.986382e-16
 5.248075e+13  2.953864e-16
 5.345644e+13  2.921651e-16
 5.445027e+13  2.889604e-16
 5.546257e+13  2.857845e-16
 5.649370e+13  2.826299e-16
 5.754399e+13  2.795024e-16
 5.861382e+13  2.764002e-16
 5.970353e+13  2.733195e-16
 6.081350e+13  2.702660e-16
 6.194411e+13  2.672388e-16
 6.309573e+13  2.642320e-16
 6.426877e+13  2.612504e-16
 6.546362e+13  2.582950e-16
 6.668068e+13  2.553673e-16
 6.792036e+13  2.524626e-16
 6.918310e+13  2.495742e-16
 7.046931e+13  2.467222e-16
 7.177943e+13  2.438876e-16
 7.311391e+13  2.410833e-16
 7.447320e+13  2.382952e-16
 7.585776e+13  2.355402e-16
 7.726806e+13  2.328035e-16
 7.870458e+13  2.300932e-16
 8.016781e+13  2.274069e-16
 8.165824e+13  2.247455e-16
 8.317638e+13  2.221081e-16
 8.472274e+13  2.194920e-16
 8.629785e+13  2.169036e-16
 8.790225e+13  2.143362e-16
 8.953648e+13  2.117953e-16
 9.120108e+13  2.092764e-16
 9.289664e+13  2.067833e-16
 9.462372e+13  2.043113e-16
 9.638290e+13  2.018615e-16
 9.817479e+13  1.994370e-16
 1.000000e+14  1.970386e-16
 1.018591e+14  1.946597e-16
 1.037528e+14  1.923040e-16
 1.056818e+14  1.899731e-16
 1.076465e+14  1.876626e-16
 1.096478e+14  1.853761e-16
 1.116863e+14  1.831126e-16
 1.137627e+14  1.808725e-16
 1.158777e+14  1.786512e-16
 1.180321e+14  1.764554e-16
 1.202264e+14  1.742793e-16
 1.224616e+14  1.721273e-16
 1.247384e+14  1.699979e-16
 1.270574e+14  1.678891e-16
 1.294196e+14  1.657995e-16
 1.318257e+14  1.637349e-16
 1.342765e+14  1.616909e-16
 1.367729e+14  1.596662e-16
 1.393157e+14  1.576649e-16
 1.419058e+14  1.556841e-16
 1.445440e+14  1.537241e-16
 1.472313e+14  1.517832e-16
 1.499685e+14  1.498657e-16
 1.527566e+14  1.479653e-16
 1.555966e+14  1.460879e-16
 1.584893e+14  1.442298e-16
 1.614359e+14  1.423925e-16
 1.644372e+14  1.405737e-16
 1.674943e+14  1.387755e-16
 1.706082e+14  1.369964e-16
 1.737801e+14  1.352380e-16
 1.770109e+14  1.334974e-16
 1.803018e+14  1.317759e-16
 1.836538e+14  1.300771e-16
 1.870682e+14  1.283912e-16
 1.905461e+14  1.267284e-16
 1.940886e+14  1.250824e-16
 1.976970e+14  1.234562e-16
 2.013724e+14  1.218471e-16
 2.051162e+14  1.202574e-16
 2.089296e+14  1.186826e-16
 2.128139e+14  1.171296e-16
 2.167704e+14  1.155911e-16
 2.208005e+14  1.140728e-16
 2.249055e+14  1.125712e-16
 2.290868e+14  1.110856e-16
 2.333458e+14  1.096193e-16
 2.376840e+14  1.081687e-16
 2.421029e+14  1.067359e-16
 2.466039e+14  1.053189e-16
 2.511886e+14  1.039173e-16
 2.558586e+14  1.025349e-16
 2.606154e+14  1.011667e-16
 2.654606e+14  9.981594e-17
 2.703958e+14  9.847990e-17
 2.754229e+14  9.715976e-17
 2.805434e+14  9.585711e-17
 2.857591e+14  9.456799e-17
 2.910717e+14  9.329606e-17
 2.964831e+14  9.203742e-17
 3.019952e+14  9.079541e-17
 3.076097e+14  8.956726e-17
 3.133286e+14  8.835575e-17
 3.191538e+14  8.715644e-17
 3.250873e+14  8.597413e-17
 3.311311e+14  8.480523e-17
 3.372873e+14  8.364997e-17
 3.435579e+14  8.250942e-17
 3.499452e+14  8.138293e-17
 3.564511e+14  8.027079e-17
 3.630781e+14  7.917132e-17
 3.698282e+14  7.808715e-17
 3.767038e+14  7.701364e-17
 3.837072e+14  7.595627e-17
 3.908409e+14  7.491022e-17
 3.981072e+14  7.387781e-17
 4.055085e+14  7.285934e-17
 4.130475e+14  7.185200e-17
 4.207266e+14  7.085927e-17
 4.285485e+14  6.987592e-17
 4.365158e+14  6.890794e-17
 4.446313e+14  6.795078e-17
 4.528976e+14  6.700597e-17
 4.613176e+14  6.607415e-17
 4.698941e+14  6.515207e-17
 4.786301e+14  6.424401e-17
 4.875285e+14  6.334647e-17
 4.965923e+14  6.246067e-17
 5.058247e+14  6.158660e-17
 5.152286e+14  6.072236e-17
 5.248075e+14  5.987037e-17
 5.345644e+14  5.902963e-17
 5.445027e+14  5.819918e-17
 5.546257e+14  5.737990e-17
 5.649370e+14  5.657109e-17
 5.754399e+14  5.577252e-17
 5.861382e+14  5.498480e-17
 5.970353e+14  5.420699e-17
 6.081350e+14  5.343999e-17
 6.194411e+14  5.268210e-17
 6.309573e+14  5.193463e-17
 6.426877e+14  5.119689e-17
 6.546362e+14  5.046964e-17
 6.668068e+14  4.975065e-17
 6.792036e+14  4.904252e-17
 6.918310e+14  4.834249e-17
 7.046931e+14  4.765265e-17
 7.177943e+14  4.697200e-17
 7.311391e+14  4.629946e-17
 7.447320e+14  4.563714e-17
 7.585776e+14  4.498276e-17
 7.726806e+14  4.433818e-17
 7.870458e+14  4.370091e-17
 8.016781e+14  4.307250e-17
 8.165824e+14  4.245341e-17
 8.317638e+14  4.184199e-17
 8.472274e+14  4.123856e-17
 8.629785e+14  4.064406e-17
 8.790225e+14  4.005632e-17
 8.953648e+14  3.947843e-17
 9.120108e+14  3.890691e-17
 9.289664e+14  3.834325e-17
 9.462372e+14  3.778780e-17
 9.638290e+14  3.723969e-17
 9.817479e+14  3.669878e-17
 1.000000e+15  3.616605e-17
 1.018591e+15  3.563945e-17
 1.037528e+15  3.512141e-17
 1.056818e+15  3.460894e-17
 1.076465e+15  3.410474e-17
 1.096478e+15  3.360697e-17
 1.116863e+15  3.311644e-17
 1.137627e+15  3.263211e-17
 1.158777e+15  3.215483e-17
 1.180321e+15  3.168420e-17
 1.202264e+15  3.121983e-17
 1.224616e+15  3.076192e-17
 1.247384e+15  3.031075e-17
 1.270574e+15  2.986547e-17
 1.294196e+15  2.942640e-17
 1.318257e+15  2.899346e-17
 1.342765e+15  2.856685e-17
 1.367729e+15  2.814579e-17
 1.393157e+15  2.773074e-17
 1.419058e+15  2.732151e-17
 1.445440e+15  2.691805e-17
 1.472313e+15  2.652018e-17
 1.499685e+15  2.612826e-17
 1.527566e+15  2.574145e-17
 1.555966e+15  2.536004e-17
 1.584893e+15  2.498431e-17
 1.614359e+15  2.461360e-17
 1.644372e+15  2.424843e-17
 1.674943e+15  2.388804e-17
 1.706082e+15  2.353311e-17
 1.737801e+15  2.318307e-17
 1.770109e+15  2.283811e-17
 1.803018e+15  2.249788e-17
 1.836538e+15  2.216255e-17
 1.870682e+15  2.183186e-17
 1.905461e+15  2.150614e-17
 1.940886e+15  2.118484e-17
 1.976970e+15  2.086816e-17
 2.013724e+15  2.055611e-17
 2.051162e+15  2.024828e-17
 2.089296e+15  1.994534e-17
 2.128139e+15  1.964597e-17
 2.167704e+15  1.935191e-17
 2.208005e+15  1.906132e-17
 2.249055e+15  1.877501e-17
 2.290868e+15  1.849307e-17
 2.333458e+15  1.821510e-17
 2.376840e+15  1.794105e-17
 2.421029e+15  1.767089e-17
 2.466039e+15  1.740491e-17
 2.511886e+15  1.714216e-17
 2.558586e+15  1.688413e-17
 2.606154e+15  1.662910e-17
 2.654606e+15  1.637801e-17
 2.703958e+15  1.613064e-17
 2.754229e+15  1.588694e-17
 2.805434e+15  1.564638e-17
 2.857591e+15  1.540966e-17
 2.910717e+15  1.517633e-17
 2.964831e+15  1.494625e-17
 3.019952e+15  1.471968e-17
 3.076097e+15  1.449646e-17
 3.133286e+15  1.427641e-17
 3.191538e+15  1.405946e-17
 3.250873e+15  1.384595e-17
 3.311311e+15  1.363533e-17
 3.372873e+15  1.342778e-17
 3.435579e+15  1.322354e-17
 3.499452e+15  1.302209e-17
 3.564511e+15  1.282366e-17
 3.630781e+15  1.262810e-17
 3.698282e+15  1.243553e-17
 3.767038e+15  1.224569e-17
 3.837072e+15  1.205854e-17
 3.908409e+15  1.187439e-17
 3.981072e+15  1.169287e-17
 4.055085e+15  1.151395e-17
 4.130475e+15  1.133780e-17
 4.207266e+15  1.116416e-17
 4.285485e+15  1.099309e-17
 4.365158e+15  1.082454e-17
 4.446313e+15  1.065873e-17
 4.528976e+15  1.049498e-17
 4.613176e+15  1.033401e-17
 4.698941e+15  1.017524e-17
 4.786301e+15  1.001886e-17
 4.875285e+15  9.864762e-18
 4.965923e+15  9.713004e-18
 5.058247e+15  9.563641e-18
 5.152286e+15  9.416289e-18
 5.248075e+15  9.271173e-18
 5.345644e+15  9.128435e-18
 5.445027e+15  8.987502e-18
 5.546257e+15  8.848964e-18
 5.649370e+15  8.712319e-18
 5.754399e+15  8.577771e-18
 5.861382e+15  8.445212e-18
 5.970353e+15  8.314722e-18
 6.081350e+15  8.186157e-18
 6.194411e+15  8.059469e-18
 6.309573e+15  7.934720e-18
 6.426877e+15  7.811896e-18
 6.546362e+15  7.690809e-18
 6.668068e+15  7.571550e-18
 6.792036e+15  7.454240e-18
 6.918310e+15  7.338535e-18
 7.046931e+15  7.224645e-18
 7.177943e+15  7.112425e-18
 7.311391e+15  7.002029e-18
 7.447320e+15  6.893104e-18
 7.585776e+15  6.785915e-18
 7.726806e+15  6.680421e-18
 7.870458e+15  6.576407e-18
 8.016781e+15  6.474030e-18
 8.165824e+15  6.373216e-18
 8.317638e+15  6.273918e-18
 8.472274e+15  6.176025e-18
 8.629785e+15  6.079795e-18
 8.790225e+15  5.984945e-18
 8.953648e+15  5.891451e-18
 9.120108e+15  5.799476e-18
 9.289664e+15  5.708917e-18
 9.462372e+15  5.619691e-18
 9.638290e+15  5.531748e-18
 9.817479e+15  5.445319e-18
