1.000000e+08    4.997502e-21
1.096478e+08    5.244502e-21
1.202264e+08    5.481961e-21
1.318257e+08    5.705214e-21
1.445440e+08    5.905427e-21
1.584893e+08    6.096971e-21
1.737801e+08    6.275388e-21
1.905461e+08    6.431605e-21
2.089296e+08    6.568148e-21
2.290868e+08    6.703799e-21
2.511886e+08    6.837658e-21
2.754229e+08    6.962203e-21
3.019952e+08    7.133147e-21
3.311311e+08    7.517100e-21
3.630781e+08    8.042287e-21
3.981072e+08    8.820594e-21
4.365158e+08    9.884045e-21
4.786301e+08    1.196511e-20
5.248075e+08    1.810083e-20
5.754399e+08    2.620649e-20
6.309573e+08    3.537900e-20
6.918310e+08    4.579726e-20
7.585776e+08    5.690733e-20
8.317638e+08    6.821375e-20
9.120108e+08    8.137445e-20
1.000000e+09    9.800255e-20
1.096478e+09    1.155821e-19
1.202264e+09    1.333670e-19
1.318257e+09    1.509711e-19
1.445440e+09    1.682554e-19
1.584893e+09    1.851664e-19
1.737801e+09    2.020344e-19
1.905461e+09    2.187890e-19
2.089296e+09    2.354834e-19
2.290868e+09    2.524264e-19
2.511886e+09    2.691177e-19
2.754229e+09    2.855772e-19
3.019952e+09    3.029071e-19
3.311311e+09    3.215015e-19
3.630781e+09    3.409218e-19
3.981072e+09    3.629093e-19
4.365158e+09    3.947532e-19
4.786301e+09    4.472084e-19
5.248075e+09    5.175521e-19
5.754399e+09    6.001894e-19
6.309573e+09    6.930045e-19
6.918310e+09    1.116958e-18
7.585776e+09    1.896674e-18
8.317638e+09    2.822339e-18
9.120108e+09    3.804798e-18
1.000000e+10    4.780924e-18
1.096478e+10    5.802085e-18
1.202264e+10    6.852540e-18
1.318257e+10    7.948281e-18
1.445440e+10    9.112003e-18
1.584893e+10    1.037823e-17
1.737801e+10    1.189386e-17
1.905461e+10    1.381017e-17
2.089296e+10    1.625962e-17
2.290868e+10    1.975116e-17
2.511886e+10    2.502169e-17
2.754229e+10    3.209127e-17
3.019952e+10    4.091868e-17
3.311311e+10    5.057722e-17
3.630781e+10    6.244137e-17
3.981072e+10    7.552692e-17
4.365158e+10    8.888942e-17
4.786301e+10    1.020049e-16
5.248075e+10    1.147058e-16
5.754399e+10    1.265748e-16
6.309573e+10    1.377677e-16
6.918310e+10    1.482360e-16
7.585776e+10    1.581474e-16
8.317638e+10    1.677229e-16
9.120108e+10    1.769249e-16
1.000000e+11    1.859214e-16
1.096478e+11    1.949226e-16
1.202264e+11    2.040382e-16
1.318257e+11    2.131163e-16
1.445440e+11    2.224578e-16
1.584893e+11    2.324005e-16
1.737801e+11    2.427925e-16
1.905461e+11    2.535505e-16
2.089296e+11    2.646451e-16
2.290868e+11    2.760693e-16
2.511886e+11    2.880783e-16
2.754229e+11    3.004916e-16
3.019952e+11    3.134995e-16
3.311311e+11    3.269042e-16
3.630781e+11    3.407090e-16
3.981072e+11    3.549646e-16
4.365158e+11    3.697586e-16
4.786301e+11    3.850250e-16
5.248075e+11    4.007508e-16
5.754399e+11    4.168359e-16
6.309573e+11    4.333318e-16
6.918310e+11    4.501116e-16
7.585776e+11    4.672176e-16
8.317638e+11    4.844363e-16
9.120108e+11    5.018635e-16
