4.500000e+08 2.732987e-64
4.865128e+08 8.190605e-21
5.259883e+08 6.038655e-20
5.686669e+08 1.352818e-19
6.148083e+08 2.199548e-19
6.646936e+08 3.073639e-19
7.186267e+08 3.930065e-19
7.769358e+08 4.737558e-19
8.399761e+08 5.473894e-19
9.081315e+08 6.402915e-19
9.818170e+08 7.709066e-19
1.061481e+09 9.113707e-19
1.147609e+09 1.050584e-18
1.240726e+09 1.182297e-18
1.341398e+09 1.302526e-18
1.450239e+09 1.408689e-18
1.567911e+09 1.499255e-18
1.695131e+09 1.574112e-18
1.832673e+09 1.633333e-18
1.981375e+09 1.678180e-18
2.142143e+09 1.850558e-18
2.315956e+09 2.121625e-18
2.503872e+09 2.427199e-18
2.707036e+09 2.739928e-18
2.926683e+09 3.092136e-18
3.164154e+09 3.611244e-18
3.420892e+09 4.185483e-18
3.698462e+09 4.760066e-18
3.998554e+09 5.308060e-18
4.322995e+09 5.808261e-18
4.673762e+09 6.252770e-18
5.052989e+09 6.657284e-18
5.462987e+09 7.053525e-18
5.906252e+09 7.409895e-18
6.385483e+09 7.713144e-18
6.903599e+09 8.203291e-18
7.463755e+09 8.977301e-18
8.069362e+09 9.831529e-18
8.724107e+09 1.068638e-17
9.431978e+09 1.149461e-17
1.019729e+10 1.222798e-17
1.102469e+10 1.286044e-17
1.191923e+10 1.339140e-17
1.288635e+10 1.403086e-17
1.393195e+10 1.554004e-17
1.506238e+10 1.741625e-17
1.628454e+10 1.939993e-17
1.760586e+10 2.135219e-17
1.903439e+10 2.317091e-17
2.057884e+10 2.489209e-17
2.224860e+10 2.690480e-17
2.405384e+10 2.900041e-17
2.600556e+10 3.107282e-17
2.811564e+10 3.491978e-17
3.039694e+10 3.966435e-17
3.286333e+10 4.467066e-17
3.552985e+10 5.060080e-17
3.841273e+10 5.682902e-17
4.152953e+10 6.288095e-17
4.489922e+10 6.851271e-17
4.854233e+10 7.352899e-17
5.248104e+10 7.785551e-17
5.673933e+10 8.142091e-17
6.134314e+10 8.444476e-17
6.632050e+10 8.732613e-17
7.170173e+10 8.976271e-17
7.751958e+10 9.168142e-17
8.380950e+10 9.299745e-17
9.060977e+10 9.382028e-17
9.796182e+10 9.411264e-17
1.059104e+11 9.388528e-17
1.145039e+11 9.321296e-17
1.237948e+11 9.214903e-17
1.338394e+11 9.074535e-17
1.446991e+11 8.903108e-17
1.564399e+11 8.705512e-17
1.691334e+11 8.488423e-17
1.828569e+11 8.249809e-17
1.976938e+11 7.999285e-17
2.137346e+11 7.738817e-17
2.310770e+11 7.470127e-17
2.498265e+11 7.196710e-17
2.700973e+11 6.922898e-17
2.920129e+11 6.643728e-17
3.157067e+11 6.371151e-17
3.413231e+11 6.099026e-17
3.690179e+11 5.831876e-17
3.989599e+11 5.568997e-17
4.313314e+11 5.311945e-17
4.663295e+11 5.061909e-17
5.041673e+11 4.819232e-17
5.450753e+11 4.585220e-17
5.893025e+11 4.356706e-17
6.371183e+11 4.138810e-17
6.888139e+11 3.928349e-17
7.447040e+11 3.723877e-17
8.051290e+11 3.530942e-17
8.704569e+11 3.344118e-17
9.410855e+11 3.166163e-17
1.017445e+12 2.996858e-17
