3.872489e+08 3.269749e-65
4.322786e+08 1.832890e-64
4.825443e+08 4.091813e-21
5.386549e+08 6.085849e-20
6.012902e+08 1.456234e-19
6.712087e+08 2.373700e-19
7.492574e+08 3.258839e-19
8.363816e+08 4.054188e-19
9.336368e+08 5.281768e-19
1.042201e+09 7.151700e-19
1.163389e+09 9.112666e-19
1.298669e+09 1.095114e-18
1.449679e+09 1.255474e-18
1.618249e+09 1.387227e-18
1.806420e+09 1.488569e-18
2.016472e+09 1.575999e-18
2.250949e+09 1.936784e-18
2.512691e+09 2.420963e-18
2.804869e+09 2.922169e-18
3.131021e+09 3.556430e-18
3.495099e+09 4.269688e-18
3.901512e+09 4.942050e-18
4.355183e+09 5.528738e-18
4.861607e+09 6.007984e-18
5.426919e+09 6.421471e-18
6.057966e+09 6.754623e-18
6.762391e+09 7.083854e-18
7.548727e+09 7.797629e-18
8.426499e+09 8.605880e-18
9.406340e+09 9.371375e-18
1.050012e+10 1.002773e-17
1.172108e+10 1.054504e-17
1.308402e+10 1.126081e-17
1.460544e+10 1.328507e-17
1.630377e+10 1.570385e-17
1.819958e+10 1.810936e-17
2.031585e+10 2.030472e-17
2.267819e+10 2.281236e-17
2.531523e+10 2.535630e-17
2.825890e+10 2.843903e-17
3.154487e+10 3.197968e-17
3.521293e+10 3.560124e-17
3.930752e+10 3.924295e-17
4.387823e+10 4.245478e-17
4.898043e+10 4.504025e-17
5.467591e+10 4.689862e-17
6.103367e+10 4.813316e-17
6.813072e+10 4.905510e-17
7.605302e+10 4.951927e-17
8.489652e+10 4.951380e-17
9.476836e+10 4.906576e-17
1.057881e+11 4.822392e-17
1.180892e+11 4.705314e-17
1.318207e+11 4.561314e-17
1.471490e+11 4.395555e-17
1.642596e+11 4.214033e-17
1.833598e+11 4.021061e-17
2.046810e+11 3.822075e-17
2.284815e+11 3.619601e-17
2.550495e+11 3.416427e-17
2.847069e+11 3.214887e-17
3.178129e+11 3.018624e-17
3.547684e+11 2.827121e-17
3.960212e+11 2.642202e-17
4.420708e+11 2.464510e-17
4.934752e+11 2.295323e-17
