0.0921489    7.42671e-07    
0.104238    7.40667e-07    
0.119936    7.40627e-07    
0.135096    7.42562e-07    
0.156104    7.44496e-07    
0.178093    7.46438e-07    
0.204045    7.52369e-07    
0.233779    7.54331e-07    
0.267846    7.60325e-07    
0.304280    7.66369e-07    
0.345670    7.74516e-07    
0.397728    7.76534e-07    
0.457632    7.88964e-07    
0.519872    7.80589e-07    
0.595616    7.68209e-07    
0.676622    7.60054e-07    
0.775201    7.44037e-07    
0.884381    7.34185e-07    
0.996132    7.09237e-07    
1.13641    6.86955e-07    
1.29094    6.67144e-07    
1.45408    6.53089e-07    
1.66594    6.42731e-07    
1.90058    6.37599e-07    
2.14987    6.19212e-07    
2.37055    5.84047e-07    
2.61388    5.50880e-07    
2.90680    5.20976e-07    
3.16455    4.88789e-07    
3.45983    4.59810e-07    
3.78264    4.30258e-07    
4.15326    4.09071e-07    
4.75818    3.85834e-07    
5.33674    3.75705e-07    
5.98568    3.68769e-07    
6.85757    3.51536e-07    
7.62610    3.34224e-07    
8.44481    3.18610e-07    
9.55217    2.99717e-07    
10.5329    2.88767e-07    
11.7136    2.80441e-07    
13.1936    2.68762e-07    
14.0015    2.47515e-07    
14.9223    2.29771e-07    
16.1763    2.13298e-07    
17.0217    1.98535e-07    
18.2184    1.84792e-07    
19.7497    1.73376e-07    
21.5005    1.60093e-07    
23.1102    1.49407e-07    
25.0530    1.42051e-07    
29.3162    1.23392e-07    
32.7401    1.15767e-07    
35.3414    1.08616e-07    
38.4747    1.01096e-07    
41.7095    9.71452e-08    
47.5816    9.11418e-08    
52.4672    8.85143e-08    
61.1415    8.57329e-08    
69.7532    8.52744e-08    
79.9176    8.54967e-08    
91.1761    8.70966e-08    
102.703    8.89628e-08    
115.688    9.18395e-08    
135.398    9.50599e-08    
150.586    9.94460e-08    
166.058    1.02663e-07    
188.654    1.08258e-07    
211.608    1.13252e-07    
233.353    1.18793e-07    
263.980    1.24274e-07    
301.179    1.31047e-07    
337.824    1.37093e-07    
372.538    1.43038e-07    
421.413    1.42652e-07    
484.892    1.47655e-07    
