0.500185    0.00916007    
0.503605    0.0108267    
0.505520    0.0147623    
0.512324    0.0177326    
0.520895    0.0207898    
0.531351    0.0246383    
0.542022    0.0293571    
0.560170    0.0348850    
0.575300    0.0478220    
0.592630    0.0571342    
0.612452    0.0666230    
0.639172    0.0781068    
0.682478    0.0920629    
0.707595    0.105915    
0.763000    0.127560    
0.833504    0.148335    
0.913580    0.181559    
1.11923    0.268352    
1.28406    0.321432    
1.53192    0.372737    
1.70080    0.403002    
1.97646    0.420694    
2.41313    0.573490    
3.04439    0.836262    
3.72939    1.18065    
4.53811    1.52498    
5.43156    1.72134    
6.33300    1.88118    
7.31286    2.18152    
9.07412    2.72797    
10.9320    3.12099    
12.3769    3.33813    
16.0795    4.77649    
24.5966    7.48934    
28.0341    8.73216    
34.2287    12.0652    
39.5289    14.8867    
47.4698    17.6390    
57.7497    19.8028    
74.2619    21.8738    
89.1592    22.5883    
111.312    22.3402    
130.185    21.8006    
154.758    20.8759    
186.378    19.4583    
223.729    18.1860    
302.003    15.5898    
453.949    12.1920    
740.270    8.93648    
1411.54    5.60095    
