1.060230e-05 7.889763e-03 1.577953e-04 1.577953e-04
1.060090e-05 8.363358e-03 1.672672e-04 1.672672e-04
1.469310e-05 1.159276e-02 2.318552e-04 2.318552e-04
1.523590e-05 1.200549e-02 2.401098e-04 2.401098e-04
2.035730e-05 1.891816e-02 3.783632e-04 3.783632e-04
3.145870e-05 2.955256e-02 5.910512e-04 5.910512e-04
3.061060e-05 3.033783e-02 6.067566e-04 6.067566e-04
3.603380e-05 3.742322e-02 7.484644e-04 7.484644e-04
3.702690e-05 3.875556e-02 7.751112e-04 7.751112e-04
4.730420e-05 4.697896e-02 9.395792e-04 9.395792e-04
4.602330e-05 5.082509e-02 1.016502e-03 1.016502e-03
6.042190e-05 6.215100e-02 1.243020e-03 1.243020e-03
1.958160e+00 2.085624e+01 4.171248e-01 4.171248e-01
1.874810e+00 2.399032e+01 4.798065e-01 4.798065e-01
2.281810e+00 2.373920e+01 4.747840e-01 4.747840e-01
2.307150e+00 2.655243e+01 4.529088e-00 8.165418e-00
2.808150e+00 2.740144e+01 5.480287e-01 5.480287e-01
2.256810e+00 2.175044e+01 4.350087e-01 4.350087e-01
2.837980e+00 2.035056e+01 4.070112e-01 4.070112e-01
2.807600e+00 2.316411e+01 4.632821e-01 4.632821e-01
3.608900e+00 2.365493e+01 4.730986e-01 4.730986e-01
4.689020e+00 2.092715e+01 4.185431e-01 4.185431e-01
5.584630e+00 2.381985e+01 4.763970e-01 4.763970e-01
6.093660e+00 2.205443e+01 4.410886e-01 4.410886e-01
4.026500e+02 1.759132e+00 1.357615e-01 1.260487e-01
5.980370e+02 1.854051e+00 1.256991e-01 9.480025e-02
7.859440e+02 1.516261e+00 8.170412e-02 9.004994e-02
9.519180e+02 1.092291e+00 6.897628e-02 6.036205e-02
1.200420e+03 1.092341e+00 7.405743e-02 5.585518e-02
1.395150e+03 9.497066e-01 7.778402e-02 6.029963e-02
1.666110e+03 8.894320e-01 7.285268e-02 7.804619e-02
2.189900e+03 6.752684e-01 5.211610e-02 6.194007e-02
3.253320e+03 6.214713e-01 5.680587e-02 5.947129e-02
4.453790e+03 5.332965e-01 3.366854e-02 2.726717e-02
6.179110e+03 5.451192e-01 7.101124e-02 6.071348e-02
7.275640e+03 6.724719e-01 3.005618e-02 4.818352e-02
1.037290e+04 7.025780e-01 5.091760e-02 6.165418e-02
1.458390e+04 8.705368e-01 7.543071e-02 9.015605e-02
2.586940e+04 8.261174e-01 1.493571e-01 1.564295e-01
5.627290e+04 1.132022e+00 7.480524e-01 7.673308e-01
1.705434e+08 3.684301e+01 3.721036e+00 3.525780e+00
1.926800e+08 5.655874e+01 2.093252e+01 2.265268e+01
5.293042e+08 3.436011e+01 3.802747e+00 3.288077e+00
1.665116e+09 3.451785e+01 4.326529e+00 4.638764e+00
5.237816e+09 3.622653e+01 8.462110e+00 7.368789e+00
1.648377e+10 2.924482e+01 1.391629e+01 1.124682e+01
5.334145e+10 1.700687e+01 2.019863e+01 1.228497e+01
7.941410e+10 4.640368e+00 2.298521e+00 2.325350e+00
1.684026e+11 2.265275e+00 7.316916e-01 7.701311e-01
3.877488e+11 8.543446e-01 3.738889e-01 3.871211e-01
