1.000000e-03 4.150549e-03
2.000000e-03 7.432732e-03
3.000000e-03 1.024919e-02
4.000000e-03 1.274165e-02
5.000000e-03 1.498640e-02
6.000000e-03 1.703166e-02
7.000000e-03 1.891081e-02
8.000000e-03 2.064832e-02
9.000000e-03 2.226290e-02
1.000000e-02 2.376934e-02
1.100000e-02 2.517960e-02
1.200000e-02 2.650352e-02
1.300000e-02 2.774936e-02
1.400000e-02 2.892415e-02
1.500000e-02 3.003390e-02
1.600000e-02 3.108384e-02
1.700000e-02 3.207856e-02
1.800000e-02 3.302207e-02
1.900000e-02 3.391798e-02
2.000000e-02 3.476946e-02
2.100000e-02 3.557938e-02
2.200000e-02 3.635035e-02
2.300000e-02 3.708469e-02
2.400000e-02 3.778455e-02
2.500000e-02 3.845186e-02
2.600000e-02 3.908841e-02
2.700000e-02 3.969584e-02
2.800000e-02 4.027566e-02
2.900000e-02 4.082926e-02
3.000000e-02 4.135793e-02
3.100000e-02 4.186287e-02
3.200000e-02 4.234519e-02
3.300000e-02 4.280594e-02
3.400000e-02 4.324609e-02
3.500000e-02 4.366654e-02
3.600000e-02 4.406814e-02
3.700000e-02 4.445170e-02
3.800000e-02 4.481796e-02
3.900000e-02 4.516764e-02
4.000000e-02 4.550140e-02
4.100000e-02 4.581987e-02
4.200000e-02 4.612365e-02
4.300000e-02 4.641329e-02
4.400000e-02 4.668934e-02
4.500000e-02 4.695229e-02
4.600000e-02 4.720264e-02
4.700000e-02 4.744083e-02
4.800000e-02 4.766730e-02
4.900000e-02 4.788246e-02
5.000000e-02 4.808671e-02
5.100000e-02 4.828043e-02
5.200000e-02 4.846396e-02
5.300000e-02 4.863766e-02
5.400000e-02 4.880186e-02
5.500000e-02 4.895686e-02
5.600000e-02 4.910296e-02
5.700000e-02 4.924046e-02
5.800000e-02 4.936962e-02
5.900000e-02 4.949072e-02
6.000000e-02 4.960400e-02
6.100000e-02 4.970971e-02
6.200000e-02 4.980807e-02
6.300000e-02 4.989933e-02
6.400000e-02 4.998369e-02
6.500000e-02 5.006135e-02
6.600000e-02 5.013253e-02
6.700000e-02 5.019741e-02
6.800000e-02 5.025618e-02
6.900000e-02 5.030901e-02
7.000000e-02 5.035609e-02
7.100000e-02 5.039757e-02
7.200000e-02 5.043361e-02
7.300000e-02 5.046438e-02
7.400000e-02 5.049002e-02
7.500000e-02 5.051068e-02
7.600000e-02 5.052649e-02
7.700000e-02 5.053760e-02
7.800000e-02 5.054412e-02
7.900000e-02 5.054620e-02
8.000000e-02 5.054395e-02
8.100000e-02 5.053750e-02
8.200000e-02 5.052694e-02
8.300000e-02 5.051241e-02
8.400000e-02 5.049400e-02
8.500000e-02 5.047182e-02
8.600000e-02 5.044597e-02
8.700000e-02 5.041656e-02
8.800000e-02 5.038367e-02
8.900000e-02 5.034740e-02
9.000000e-02 5.030784e-02
9.100000e-02 5.026507e-02
9.200000e-02 5.021919e-02
9.300000e-02 5.017027e-02
9.400000e-02 5.011839e-02
9.500000e-02 5.006364e-02
9.600000e-02 5.000608e-02
9.700000e-02 4.994580e-02
9.800000e-02 4.988286e-02
9.900000e-02 4.981733e-02
1.000000e-01 4.974928e-02
1.010000e-01 4.967878e-02
1.020000e-01 4.960589e-02
1.030000e-01 4.953068e-02
1.040000e-01 4.945320e-02
1.050000e-01 4.937351e-02
1.060000e-01 4.929167e-02
1.070000e-01 4.920774e-02
1.080000e-01 4.912178e-02
1.090000e-01 4.903383e-02
1.100000e-01 4.894394e-02
1.110000e-01 4.885218e-02
1.120000e-01 4.875858e-02
1.130000e-01 4.866321e-02
1.140000e-01 4.856609e-02
1.150000e-01 4.846729e-02
1.160000e-01 4.836684e-02
1.170000e-01 4.826478e-02
1.180000e-01 4.816117e-02
1.190000e-01 4.805604e-02
1.200000e-01 4.794944e-02
1.210000e-01 4.784140e-02
1.220000e-01 4.773196e-02
1.230000e-01 4.762116e-02
1.240000e-01 4.750903e-02
1.250000e-01 4.739562e-02
1.260000e-01 4.728096e-02
1.270000e-01 4.716508e-02
1.280000e-01 4.704802e-02
1.290000e-01 4.692980e-02
1.300000e-01 4.681047e-02
1.310000e-01 4.669005e-02
1.320000e-01 4.656857e-02
1.330000e-01 4.644607e-02
1.340000e-01 4.632257e-02
1.350000e-01 4.619810e-02
1.360000e-01 4.607270e-02
1.370000e-01 4.594637e-02
1.380000e-01 4.581917e-02
1.390000e-01 4.569110e-02
1.400000e-01 4.556220e-02
1.410000e-01 4.543250e-02
1.420000e-01 4.530200e-02
1.430000e-01 4.517075e-02
1.440000e-01 4.503877e-02
1.450000e-01 4.490606e-02
1.460000e-01 4.477267e-02
1.470000e-01 4.463862e-02
1.480000e-01 4.450391e-02
1.490000e-01 4.436858e-02
1.500000e-01 4.423264e-02
1.510000e-01 4.409612e-02
1.520000e-01 4.395904e-02
1.530000e-01 4.382141e-02
1.540000e-01 4.368325e-02
1.550000e-01 4.354459e-02
1.560000e-01 4.340544e-02
1.570000e-01 4.326582e-02
1.580000e-01 4.312575e-02
1.590000e-01 4.298523e-02
1.600000e-01 4.284430e-02
1.610000e-01 4.270297e-02
1.620000e-01 4.256125e-02
1.630000e-01 4.241916e-02
1.640000e-01 4.227672e-02
1.650000e-01 4.213394e-02
1.660000e-01 4.199083e-02
1.670000e-01 4.184741e-02
1.680000e-01 4.170369e-02
1.690000e-01 4.155970e-02
1.700000e-01 4.141543e-02
1.710000e-01 4.127092e-02
1.720000e-01 4.112616e-02
1.730000e-01 4.098117e-02
1.740000e-01 4.083597e-02
1.750000e-01 4.069056e-02
1.760000e-01 4.054496e-02
1.770000e-01 4.039919e-02
1.780000e-01 4.025325e-02
1.790000e-01 4.010715e-02
1.800000e-01 3.996091e-02
1.810000e-01 3.981453e-02
1.820000e-01 3.966804e-02
1.830000e-01 3.952143e-02
1.840000e-01 3.937472e-02
1.850000e-01 3.922792e-02
1.860000e-01 3.908104e-02
1.870000e-01 3.893409e-02
1.880000e-01 3.878708e-02
1.890000e-01 3.864002e-02
1.900000e-01 3.849292e-02
1.910000e-01 3.834578e-02
1.920000e-01 3.819862e-02
1.930000e-01 3.805144e-02
1.940000e-01 3.790426e-02
1.950000e-01 3.775708e-02
1.960000e-01 3.760991e-02
1.970000e-01 3.746276e-02
1.980000e-01 3.731563e-02
1.990000e-01 3.716854e-02
2.000000e-01 3.702149e-02
2.010000e-01 3.687449e-02
2.020000e-01 3.672754e-02
2.030000e-01 3.658066e-02
2.040000e-01 3.643385e-02
2.050000e-01 3.628712e-02
2.060000e-01 3.614048e-02
2.070000e-01 3.599392e-02
2.080000e-01 3.584747e-02
2.090000e-01 3.570112e-02
2.100000e-01 3.555488e-02
2.110000e-01 3.540875e-02
2.120000e-01 3.526275e-02
2.130000e-01 3.511688e-02
2.140000e-01 3.497115e-02
2.150000e-01 3.482556e-02
2.160000e-01 3.468011e-02
2.170000e-01 3.453482e-02
2.180000e-01 3.438968e-02
2.190000e-01 3.424471e-02
2.200000e-01 3.409990e-02
2.210000e-01 3.395527e-02
2.220000e-01 3.381082e-02
2.230000e-01 3.366655e-02
2.240000e-01 3.352246e-02
2.250000e-01 3.337857e-02
2.260000e-01 3.323488e-02
2.270000e-01 3.309139e-02
2.280000e-01 3.294811e-02
2.290000e-01 3.280504e-02
2.300000e-01 3.266218e-02
2.310000e-01 3.251955e-02
2.320000e-01 3.237713e-02
2.330000e-01 3.223495e-02
2.340000e-01 3.209299e-02
2.350000e-01 3.195128e-02
2.360000e-01 3.180980e-02
2.370000e-01 3.166856e-02
2.380000e-01 3.152757e-02
2.390000e-01 3.138684e-02
2.400000e-01 3.124635e-02
2.410000e-01 3.110612e-02
2.420000e-01 3.096616e-02
2.430000e-01 3.082646e-02
2.440000e-01 3.068702e-02
2.450000e-01 3.054786e-02
2.460000e-01 3.040897e-02
2.470000e-01 3.027035e-02
2.480000e-01 3.013202e-02
2.490000e-01 2.999397e-02
2.500000e-01 2.985620e-02
2.510000e-01 2.971872e-02
2.520000e-01 2.958154e-02
2.530000e-01 2.944464e-02
2.540000e-01 2.930805e-02
2.550000e-01 2.917175e-02
2.560000e-01 2.903575e-02
2.570000e-01 2.890006e-02
2.580000e-01 2.876467e-02
2.590000e-01 2.862960e-02
2.600000e-01 2.849483e-02
2.610000e-01 2.836038e-02
2.620000e-01 2.822624e-02
2.630000e-01 2.809242e-02
2.640000e-01 2.795892e-02
2.650000e-01 2.782574e-02
2.660000e-01 2.769289e-02
2.670000e-01 2.756036e-02
2.680000e-01 2.742816e-02
2.690000e-01 2.729629e-02
2.700000e-01 2.716475e-02
2.710000e-01 2.703355e-02
2.720000e-01 2.690268e-02
2.730000e-01 2.677214e-02
2.740000e-01 2.664195e-02
2.750000e-01 2.651209e-02
2.760000e-01 2.638258e-02
2.770000e-01 2.625341e-02
2.780000e-01 2.612458e-02
2.790000e-01 2.599610e-02
2.800000e-01 2.586797e-02
2.810000e-01 2.574019e-02
2.820000e-01 2.561276e-02
2.830000e-01 2.548568e-02
2.840000e-01 2.535895e-02
2.850000e-01 2.523258e-02
2.860000e-01 2.510656e-02
2.870000e-01 2.498090e-02
2.880000e-01 2.485560e-02
2.890000e-01 2.473066e-02
2.900000e-01 2.460607e-02
2.910000e-01 2.448185e-02
2.920000e-01 2.435799e-02
2.930000e-01 2.423450e-02
2.940000e-01 2.411137e-02
2.950000e-01 2.398860e-02
2.960000e-01 2.386620e-02
2.970000e-01 2.374417e-02
2.980000e-01 2.362250e-02
2.990000e-01 2.350121e-02
3.000000e-01 2.338028e-02
3.010000e-01 2.325972e-02
3.020000e-01 2.313954e-02
3.030000e-01 2.301972e-02
3.040000e-01 2.290028e-02
3.050000e-01 2.278122e-02
3.060000e-01 2.266252e-02
3.070000e-01 2.254420e-02
3.080000e-01 2.242626e-02
3.090000e-01 2.230869e-02
3.100000e-01 2.219150e-02
3.110000e-01 2.207468e-02
3.120000e-01 2.195824e-02
3.130000e-01 2.184218e-02
3.140000e-01 2.172650e-02
3.150000e-01 2.161120e-02
3.160000e-01 2.149627e-02
3.170000e-01 2.138173e-02
3.180000e-01 2.126756e-02
3.190000e-01 2.115377e-02
3.200000e-01 2.104037e-02
3.210000e-01 2.092735e-02
3.220000e-01 2.081470e-02
3.230000e-01 2.070244e-02
3.240000e-01 2.059056e-02
3.250000e-01 2.047906e-02
3.260000e-01 2.036795e-02
3.270000e-01 2.025721e-02
3.280000e-01 2.014686e-02
3.290000e-01 2.003689e-02
3.300000e-01 1.992731e-02
3.310000e-01 1.981811e-02
3.320000e-01 1.970929e-02
3.330000e-01 1.960085e-02
3.340000e-01 1.949280e-02
3.350000e-01 1.938513e-02
3.360000e-01 1.927784e-02
3.370000e-01 1.917094e-02
3.380000e-01 1.906442e-02
3.390000e-01 1.895828e-02
3.400000e-01 1.885253e-02
3.410000e-01 1.874716e-02
3.420000e-01 1.864218e-02
3.430000e-01 1.853757e-02
3.440000e-01 1.843335e-02
3.450000e-01 1.832952e-02
3.460000e-01 1.822607e-02
3.470000e-01 1.812299e-02
3.480000e-01 1.802031e-02
3.490000e-01 1.791800e-02
3.500000e-01 1.781608e-02
3.510000e-01 1.771454e-02
3.520000e-01 1.761338e-02
3.530000e-01 1.751261e-02
3.540000e-01 1.741221e-02
3.550000e-01 1.731220e-02
3.560000e-01 1.721257e-02
3.570000e-01 1.711332e-02
3.580000e-01 1.701445e-02
3.590000e-01 1.691596e-02
3.600000e-01 1.681786e-02
3.610000e-01 1.672013e-02
3.620000e-01 1.662278e-02
3.630000e-01 1.652581e-02
3.640000e-01 1.642922e-02
3.650000e-01 1.633301e-02
3.660000e-01 1.623718e-02
3.670000e-01 1.614173e-02
3.680000e-01 1.604665e-02
3.690000e-01 1.595195e-02
3.700000e-01 1.585763e-02
3.710000e-01 1.576368e-02
3.720000e-01 1.567012e-02
3.730000e-01 1.557692e-02
3.740000e-01 1.548410e-02
3.750000e-01 1.539166e-02
3.760000e-01 1.529959e-02
3.770000e-01 1.520790e-02
3.780000e-01 1.511658e-02
3.790000e-01 1.502563e-02
3.800000e-01 1.493506e-02
3.810000e-01 1.484486e-02
3.820000e-01 1.475503e-02
3.830000e-01 1.466557e-02
3.840000e-01 1.457648e-02
3.850000e-01 1.448777e-02
3.860000e-01 1.439942e-02
3.870000e-01 1.431144e-02
3.880000e-01 1.422383e-02
3.890000e-01 1.413659e-02
3.900000e-01 1.404972e-02
3.910000e-01 1.396321e-02
3.920000e-01 1.387707e-02
3.930000e-01 1.379130e-02
3.940000e-01 1.370589e-02
3.950000e-01 1.362085e-02
3.960000e-01 1.353617e-02
3.970000e-01 1.345186e-02
3.980000e-01 1.336791e-02
3.990000e-01 1.328432e-02
4.000000e-01 1.320109e-02
4.010000e-01 1.311822e-02
4.020000e-01 1.303572e-02
4.030000e-01 1.295357e-02
4.040000e-01 1.287179e-02
4.050000e-01 1.279036e-02
4.060000e-01 1.270929e-02
4.070000e-01 1.262858e-02
4.080000e-01 1.254823e-02
4.090000e-01 1.246823e-02
4.100000e-01 1.238859e-02
4.110000e-01 1.230930e-02
4.120000e-01 1.223037e-02
4.130000e-01 1.215179e-02
4.140000e-01 1.207356e-02
4.150000e-01 1.199569e-02
4.160000e-01 1.191817e-02
4.170000e-01 1.184099e-02
4.180000e-01 1.176417e-02
4.190000e-01 1.168770e-02
4.200000e-01 1.161158e-02
4.210000e-01 1.153580e-02
4.220000e-01 1.146037e-02
4.230000e-01 1.138529e-02
4.240000e-01 1.131055e-02
4.250000e-01 1.123616e-02
4.260000e-01 1.116211e-02
4.270000e-01 1.108841e-02
4.280000e-01 1.101505e-02
4.290000e-01 1.094203e-02
4.300000e-01 1.086935e-02
4.310000e-01 1.079702e-02
4.320000e-01 1.072502e-02
4.330000e-01 1.065336e-02
4.340000e-01 1.058204e-02
4.350000e-01 1.051106e-02
4.360000e-01 1.044042e-02
4.370000e-01 1.037011e-02
4.380000e-01 1.030013e-02
4.390000e-01 1.023049e-02
4.400000e-01 1.016119e-02
4.410000e-01 1.009222e-02
4.420000e-01 1.002357e-02
4.430000e-01 9.955265e-03
4.440000e-01 9.887285e-03
4.450000e-01 9.819636e-03
4.460000e-01 9.752315e-03
4.470000e-01 9.685322e-03
4.480000e-01 9.618656e-03
4.490000e-01 9.552317e-03
4.500000e-01 9.486303e-03
4.510000e-01 9.420615e-03
4.520000e-01 9.355250e-03
4.530000e-01 9.290208e-03
4.540000e-01 9.225489e-03
4.550000e-01 9.161091e-03
4.560000e-01 9.097013e-03
4.570000e-01 9.033256e-03
4.580000e-01 8.969818e-03
4.590000e-01 8.906697e-03
4.600000e-01 8.843894e-03
4.610000e-01 8.781408e-03
4.620000e-01 8.719237e-03
4.630000e-01 8.657381e-03
4.640000e-01 8.595839e-03
4.650000e-01 8.534610e-03
4.660000e-01 8.473694e-03
4.670000e-01 8.413088e-03
4.680000e-01 8.352794e-03
4.690000e-01 8.292808e-03
4.700000e-01 8.233132e-03
4.710000e-01 8.173764e-03
4.720000e-01 8.114703e-03
4.730000e-01 8.055948e-03
4.740000e-01 7.997499e-03
4.750000e-01 7.939354e-03
4.760000e-01 7.881512e-03
4.770000e-01 7.823974e-03
4.780000e-01 7.766737e-03
4.790000e-01 7.709802e-03
4.800000e-01 7.653166e-03
4.810000e-01 7.596830e-03
4.820000e-01 7.540793e-03
4.830000e-01 7.485053e-03
4.840000e-01 7.429609e-03
4.850000e-01 7.374462e-03
4.860000e-01 7.319609e-03
4.870000e-01 7.265050e-03
4.880000e-01 7.210785e-03
4.890000e-01 7.156812e-03
4.900000e-01 7.103130e-03
4.910000e-01 7.049739e-03
4.920000e-01 6.996637e-03
4.930000e-01 6.943824e-03
4.940000e-01 6.891299e-03
4.950000e-01 6.839061e-03
4.960000e-01 6.787109e-03
4.970000e-01 6.735442e-03
4.980000e-01 6.684060e-03
4.990000e-01 6.632960e-03
5.000000e-01 6.582144e-03
5.010000e-01 6.531609e-03
5.020000e-01 6.481354e-03
5.030000e-01 6.431380e-03
5.040000e-01 6.381684e-03
5.050000e-01 6.332267e-03
5.060000e-01 6.283127e-03
5.070000e-01 6.234262e-03
5.080000e-01 6.185674e-03
5.090000e-01 6.137359e-03
5.100000e-01 6.089319e-03
5.110000e-01 6.041551e-03
5.120000e-01 5.994054e-03
5.130000e-01 5.946829e-03
5.140000e-01 5.899873e-03
5.150000e-01 5.853187e-03
5.160000e-01 5.806769e-03
5.170000e-01 5.760618e-03
5.180000e-01 5.714733e-03
5.190000e-01 5.669114e-03
5.200000e-01 5.623759e-03
5.210000e-01 5.578669e-03
5.220000e-01 5.533840e-03
5.230000e-01 5.489274e-03
5.240000e-01 5.444969e-03
5.250000e-01 5.400924e-03
5.260000e-01 5.357138e-03
5.270000e-01 5.313610e-03
5.280000e-01 5.270339e-03
5.290000e-01 5.227325e-03
5.300000e-01 5.184567e-03
5.310000e-01 5.142063e-03
5.320000e-01 5.099813e-03
5.330000e-01 5.057816e-03
5.340000e-01 5.016071e-03
5.350000e-01 4.974577e-03
5.360000e-01 4.933333e-03
5.370000e-01 4.892338e-03
5.380000e-01 4.851592e-03
5.390000e-01 4.811093e-03
5.400000e-01 4.770840e-03
5.410000e-01 4.730834e-03
5.420000e-01 4.691072e-03
5.430000e-01 4.651554e-03
5.440000e-01 4.612279e-03
5.450000e-01 4.573246e-03
5.460000e-01 4.534454e-03
5.470000e-01 4.495902e-03
5.480000e-01 4.457590e-03
5.490000e-01 4.419516e-03
5.500000e-01 4.381680e-03
5.510000e-01 4.344080e-03
5.520000e-01 4.306717e-03
5.530000e-01 4.269588e-03
5.540000e-01 4.232693e-03
5.550000e-01 4.196031e-03
5.560000e-01 4.159602e-03
5.570000e-01 4.123404e-03
5.580000e-01 4.087436e-03
5.590000e-01 4.051698e-03
5.600000e-01 4.016188e-03
5.610000e-01 3.980906e-03
5.620000e-01 3.945851e-03
5.630000e-01 3.911023e-03
5.640000e-01 3.876419e-03
5.650000e-01 3.842039e-03
5.660000e-01 3.807883e-03
5.670000e-01 3.773949e-03
5.680000e-01 3.740236e-03
5.690000e-01 3.706744e-03
5.700000e-01 3.673472e-03
5.710000e-01 3.640419e-03
5.720000e-01 3.607584e-03
5.730000e-01 3.574966e-03
5.740000e-01 3.542564e-03
5.750000e-01 3.510378e-03
5.760000e-01 3.478406e-03
5.770000e-01 3.446647e-03
5.780000e-01 3.415102e-03
5.790000e-01 3.383768e-03
5.800000e-01 3.352645e-03
5.810000e-01 3.321732e-03
5.820000e-01 3.291028e-03
5.830000e-01 3.260533e-03
5.840000e-01 3.230245e-03
5.850000e-01 3.200164e-03
5.860000e-01 3.170289e-03
5.870000e-01 3.140618e-03
5.880000e-01 3.111151e-03
5.890000e-01 3.081888e-03
5.900000e-01 3.052826e-03
5.910000e-01 3.023966e-03
5.920000e-01 2.995307e-03
5.930000e-01 2.966847e-03
5.940000e-01 2.938586e-03
5.950000e-01 2.910523e-03
5.960000e-01 2.882656e-03
5.970000e-01 2.854986e-03
5.980000e-01 2.827512e-03
5.990000e-01 2.800232e-03
6.000000e-01 2.773145e-03
6.010000e-01 2.746251e-03
6.020000e-01 2.719549e-03
6.030000e-01 2.693039e-03
6.040000e-01 2.666718e-03
6.050000e-01 2.640587e-03
6.060000e-01 2.614644e-03
6.070000e-01 2.588889e-03
6.080000e-01 2.563320e-03
6.090000e-01 2.537938e-03
6.100000e-01 2.512740e-03
6.110000e-01 2.487727e-03
6.120000e-01 2.462897e-03
6.130000e-01 2.438250e-03
6.140000e-01 2.413785e-03
6.150000e-01 2.389500e-03
6.160000e-01 2.365396e-03
6.170000e-01 2.341470e-03
6.180000e-01 2.317723e-03
6.190000e-01 2.294154e-03
6.200000e-01 2.270761e-03
6.210000e-01 2.247544e-03
6.220000e-01 2.224502e-03
6.230000e-01 2.201634e-03
6.240000e-01 2.178940e-03
6.250000e-01 2.156418e-03
6.260000e-01 2.134068e-03
6.270000e-01 2.111889e-03
6.280000e-01 2.089880e-03
6.290000e-01 2.068040e-03
6.300000e-01 2.046368e-03
6.310000e-01 2.024865e-03
6.320000e-01 2.003528e-03
6.330000e-01 1.982356e-03
6.340000e-01 1.961350e-03
6.350000e-01 1.940509e-03
6.360000e-01 1.919831e-03
6.370000e-01 1.899315e-03
6.380000e-01 1.878962e-03
6.390000e-01 1.858769e-03
6.400000e-01 1.838737e-03
6.410000e-01 1.818864e-03
6.420000e-01 1.799150e-03
6.430000e-01 1.779594e-03
6.440000e-01 1.760195e-03
6.450000e-01 1.740952e-03
6.460000e-01 1.721865e-03
6.470000e-01 1.702932e-03
6.480000e-01 1.684153e-03
6.490000e-01 1.665527e-03
6.500000e-01 1.647054e-03
6.510000e-01 1.628732e-03
6.520000e-01 1.610561e-03
6.530000e-01 1.592539e-03
6.540000e-01 1.574667e-03
6.550000e-01 1.556943e-03
6.560000e-01 1.539367e-03
6.570000e-01 1.521937e-03
6.580000e-01 1.504654e-03
6.590000e-01 1.487515e-03
6.600000e-01 1.470521e-03
6.610000e-01 1.453671e-03
6.620000e-01 1.436964e-03
6.630000e-01 1.420398e-03
6.640000e-01 1.403974e-03
6.650000e-01 1.387691e-03
6.660000e-01 1.371547e-03
6.670000e-01 1.355543e-03
6.680000e-01 1.339677e-03
6.690000e-01 1.323948e-03
6.700000e-01 1.308356e-03
6.710000e-01 1.292900e-03
6.720000e-01 1.277579e-03
6.730000e-01 1.262393e-03
6.740000e-01 1.247340e-03
6.750000e-01 1.232421e-03
6.760000e-01 1.217633e-03
6.770000e-01 1.202977e-03
6.780000e-01 1.188452e-03
6.790000e-01 1.174057e-03
6.800000e-01 1.159791e-03
6.810000e-01 1.145653e-03
6.820000e-01 1.131643e-03
6.830000e-01 1.117760e-03
6.840000e-01 1.104004e-03
6.850000e-01 1.090373e-03
6.860000e-01 1.076867e-03
6.870000e-01 1.063484e-03
6.880000e-01 1.050225e-03
6.890000e-01 1.037089e-03
6.900000e-01 1.024075e-03
6.910000e-01 1.011181e-03
6.920000e-01 9.984084e-04
6.930000e-01 9.857552e-04
6.940000e-01 9.732209e-04
6.950000e-01 9.608049e-04
6.960000e-01 9.485065e-04
6.970000e-01 9.363248e-04
6.980000e-01 9.242592e-04
6.990000e-01 9.123091e-04
7.000000e-01 9.004736e-04
7.010000e-01 8.887521e-04
7.020000e-01 8.771438e-04
7.030000e-01 8.656481e-04
7.040000e-01 8.542642e-04
7.050000e-01 8.429915e-04
7.060000e-01 8.318293e-04
7.070000e-01 8.207768e-04
7.080000e-01 8.098334e-04
7.090000e-01 7.989983e-04
7.100000e-01 7.882709e-04
7.110000e-01 7.776505e-04
7.120000e-01 7.671364e-04
7.130000e-01 7.567279e-04
7.140000e-01 7.464243e-04
7.150000e-01 7.362249e-04
7.160000e-01 7.261291e-04
7.170000e-01 7.161362e-04
7.180000e-01 7.062455e-04
7.190000e-01 6.964563e-04
7.200000e-01 6.867680e-04
7.210000e-01 6.771798e-04
7.220000e-01 6.676912e-04
7.230000e-01 6.583013e-04
7.240000e-01 6.490097e-04
7.250000e-01 6.398156e-04
7.260000e-01 6.307183e-04
7.270000e-01 6.217172e-04
7.280000e-01 6.128117e-04
7.290000e-01 6.040010e-04
7.300000e-01 5.952845e-04
7.310000e-01 5.866616e-04
7.320000e-01 5.781316e-04
7.330000e-01 5.696939e-04
7.340000e-01 5.613478e-04
7.350000e-01 5.530927e-04
7.360000e-01 5.449279e-04
7.370000e-01 5.368528e-04
7.380000e-01 5.288667e-04
7.390000e-01 5.209691e-04
7.400000e-01 5.131592e-04
7.410000e-01 5.054365e-04
7.420000e-01 4.978003e-04
7.430000e-01 4.902499e-04
7.440000e-01 4.827849e-04
7.450000e-01 4.754044e-04
7.460000e-01 4.681080e-04
7.470000e-01 4.608950e-04
7.480000e-01 4.537647e-04
7.490000e-01 4.467166e-04
7.500000e-01 4.397500e-04
7.510000e-01 4.328644e-04
7.520000e-01 4.260590e-04
7.530000e-01 4.193334e-04
7.540000e-01 4.126868e-04
7.550000e-01 4.061188e-04
7.560000e-01 3.996286e-04
7.570000e-01 3.932157e-04
7.580000e-01 3.868795e-04
7.590000e-01 3.806194e-04
7.600000e-01 3.744348e-04
7.610000e-01 3.683250e-04
7.620000e-01 3.622896e-04
7.630000e-01 3.563279e-04
7.640000e-01 3.504394e-04
7.650000e-01 3.446234e-04
7.660000e-01 3.388793e-04
7.670000e-01 3.332067e-04
7.680000e-01 3.276049e-04
7.690000e-01 3.220733e-04
7.700000e-01 3.166113e-04
7.710000e-01 3.112184e-04
7.720000e-01 3.058941e-04
7.730000e-01 3.006377e-04
7.740000e-01 2.954487e-04
7.750000e-01 2.903265e-04
7.760000e-01 2.852705e-04
7.770000e-01 2.802803e-04
7.780000e-01 2.753552e-04
7.790000e-01 2.704946e-04
7.800000e-01 2.656981e-04
7.810000e-01 2.609651e-04
7.820000e-01 2.562950e-04
7.830000e-01 2.516873e-04
7.840000e-01 2.471414e-04
7.850000e-01 2.426569e-04
7.860000e-01 2.382331e-04
7.870000e-01 2.338695e-04
7.880000e-01 2.295655e-04
7.890000e-01 2.253208e-04
7.900000e-01 2.211346e-04
7.910000e-01 2.170065e-04
7.920000e-01 2.129360e-04
7.930000e-01 2.089226e-04
7.940000e-01 2.049656e-04
7.950000e-01 2.010646e-04
7.960000e-01 1.972191e-04
7.970000e-01 1.934285e-04
7.980000e-01 1.896924e-04
7.990000e-01 1.860102e-04
8.000000e-01 1.823814e-04
8.010000e-01 1.788056e-04
8.020000e-01 1.752821e-04
8.030000e-01 1.718105e-04
8.040000e-01 1.683904e-04
8.050000e-01 1.650211e-04
8.060000e-01 1.617022e-04
8.070000e-01 1.584333e-04
8.080000e-01 1.552137e-04
8.090000e-01 1.520431e-04
8.100000e-01 1.489209e-04
8.110000e-01 1.458467e-04
8.120000e-01 1.428199e-04
8.130000e-01 1.398402e-04
8.140000e-01 1.369069e-04
8.150000e-01 1.340197e-04
8.160000e-01 1.311780e-04
8.170000e-01 1.283814e-04
8.180000e-01 1.256294e-04
8.190000e-01 1.229216e-04
8.200000e-01 1.202574e-04
8.210000e-01 1.176365e-04
8.220000e-01 1.150583e-04
8.230000e-01 1.125224e-04
8.240000e-01 1.100284e-04
8.250000e-01 1.075757e-04
8.260000e-01 1.051640e-04
8.270000e-01 1.027928e-04
8.280000e-01 1.004616e-04
8.290000e-01 9.816998e-05
8.300000e-01 9.591753e-05
8.310000e-01 9.370379e-05
8.320000e-01 9.152833e-05
8.330000e-01 8.939070e-05
8.340000e-01 8.729048e-05
8.350000e-01 8.522723e-05
8.360000e-01 8.320052e-05
8.370000e-01 8.120993e-05
8.380000e-01 7.925504e-05
8.390000e-01 7.733541e-05
8.400000e-01 7.545064e-05
8.410000e-01 7.360030e-05
8.420000e-01 7.178397e-05
8.430000e-01 7.000126e-05
8.440000e-01 6.825174e-05
8.450000e-01 6.653501e-05
8.460000e-01 6.485066e-05
8.470000e-01 6.319830e-05
8.480000e-01 6.157751e-05
8.490000e-01 5.998790e-05
8.500000e-01 5.842908e-05
8.510000e-01 5.690065e-05
8.520000e-01 5.540222e-05
8.530000e-01 5.393340e-05
8.540000e-01 5.249380e-05
8.550000e-01 5.108304e-05
8.560000e-01 4.970074e-05
8.570000e-01 4.834652e-05
8.580000e-01 4.702000e-05
8.590000e-01 4.572081e-05
8.600000e-01 4.444857e-05
8.610000e-01 4.320291e-05
8.620000e-01 4.198348e-05
8.630000e-01 4.078989e-05
8.640000e-01 3.962179e-05
8.650000e-01 3.847882e-05
8.660000e-01 3.736063e-05
8.670000e-01 3.626684e-05
8.680000e-01 3.519712e-05
8.690000e-01 3.415112e-05
8.700000e-01 3.312847e-05
8.710000e-01 3.212884e-05
8.720000e-01 3.115189e-05
8.730000e-01 3.019727e-05
8.740000e-01 2.926465e-05
8.750000e-01 2.835369e-05
8.760000e-01 2.746405e-05
8.770000e-01 2.659540e-05
8.780000e-01 2.574743e-05
8.790000e-01 2.491979e-05
8.800000e-01 2.411216e-05
8.810000e-01 2.332424e-05
8.820000e-01 2.255568e-05
8.830000e-01 2.180619e-05
8.840000e-01 2.107544e-05
8.850000e-01 2.036313e-05
8.860000e-01 1.966894e-05
8.870000e-01 1.899258e-05
8.880000e-01 1.833372e-05
8.890000e-01 1.769208e-05
8.900000e-01 1.706735e-05
8.910000e-01 1.645925e-05
8.920000e-01 1.586746e-05
8.930000e-01 1.529171e-05
8.940000e-01 1.473170e-05
8.950000e-01 1.418715e-05
8.960000e-01 1.365777e-05
8.970000e-01 1.314329e-05
8.980000e-01 1.264342e-05
8.990000e-01 1.215788e-05
9.000000e-01 1.168640e-05
9.010000e-01 1.122872e-05
9.020000e-01 1.078456e-05
9.030000e-01 1.035366e-05
9.040000e-01 9.935744e-06
9.050000e-01 9.530562e-06
9.060000e-01 9.137854e-06
9.070000e-01 8.757361e-06
9.080000e-01 8.388832e-06
9.090000e-01 8.032014e-06
9.100000e-01 7.686660e-06
9.110000e-01 7.352524e-06
9.120000e-01 7.029361e-06
9.130000e-01 6.716932e-06
9.140000e-01 6.414998e-06
9.150000e-01 6.123324e-06
9.160000e-01 5.841677e-06
9.170000e-01 5.569825e-06
9.180000e-01 5.307542e-06
9.190000e-01 5.054602e-06
9.200000e-01 4.810783e-06
9.210000e-01 4.575864e-06
9.220000e-01 4.349627e-06
9.230000e-01 4.131859e-06
9.240000e-01 3.922346e-06
9.250000e-01 3.720879e-06
9.260000e-01 3.527251e-06
9.270000e-01 3.341257e-06
9.280000e-01 3.162696e-06
9.290000e-01 2.991368e-06
9.300000e-01 2.827077e-06
9.310000e-01 2.669629e-06
9.320000e-01 2.518833e-06
9.330000e-01 2.374499e-06
9.340000e-01 2.236442e-06
9.350000e-01 2.104478e-06
9.360000e-01 1.978427e-06
9.370000e-01 1.858110e-06
9.380000e-01 1.743353e-06
9.390000e-01 1.633981e-06
9.400000e-01 1.529826e-06
9.410000e-01 1.430718e-06
9.420000e-01 1.336495e-06
9.430000e-01 1.246993e-06
9.440000e-01 1.162053e-06
9.450000e-01 1.081519e-06
9.460000e-01 1.005235e-06
9.470000e-01 9.330510e-07
9.480000e-01 8.648179e-07
9.490000e-01 8.003895e-07
9.500000e-01 7.396224e-07
9.510000e-01 6.823761e-07
9.520000e-01 6.285124e-07
9.530000e-01 5.778961e-07
9.540000e-01 5.303947e-07
9.550000e-01 4.858782e-07
9.560000e-01 4.442194e-07
9.570000e-01 4.052940e-07
9.580000e-01 3.689802e-07
9.590000e-01 3.351590e-07
9.600000e-01 3.037142e-07
9.610000e-01 2.745321e-07
9.620000e-01 2.475020e-07
9.630000e-01 2.225158e-07
9.640000e-01 1.994682e-07
9.650000e-01 1.782565e-07
9.660000e-01 1.587811e-07
9.670000e-01 1.409446e-07
9.680000e-01 1.246529e-07
9.690000e-01 1.098143e-07
9.700000e-01 9.634009e-08
9.710000e-01 8.414413e-08
9.720000e-01 7.314317e-08
9.730000e-01 6.325671e-08
9.740000e-01 5.440700e-08
9.750000e-01 4.651910e-08
9.760000e-01 3.952084e-08
9.770000e-01 3.334283e-08
9.780000e-01 2.791848e-08
9.790000e-01 2.318399e-08
9.800000e-01 1.907836e-08
9.810000e-01 1.554338e-08
9.820000e-01 1.252366e-08
9.830000e-01 9.966596e-09
9.840000e-01 7.822421e-09
9.850000e-01 6.044166e-09
9.860000e-01 4.587685e-09
9.870000e-01 3.411655e-09
9.880000e-01 2.477575e-09
9.890000e-01 1.749777e-09
9.900000e-01 1.195425e-09
9.910000e-01 7.845172e-10
9.920000e-01 4.898946e-10
9.930000e-01 2.872401e-10
9.940000e-01 1.550845e-10
9.950000e-01 7.480896e-11
9.960000e-01 3.064954e-11
9.970000e-01 9.700170e-12
9.980000e-01 1.916570e-12
9.990000e-01 1.198161e-13
