1.000000e-03 3.089329e-03
2.000000e-03 5.935071e-03
3.000000e-03 8.531303e-03
4.000000e-03 1.092029e-02
5.000000e-03 1.313378e-02
6.000000e-03 1.519570e-02
7.000000e-03 1.712469e-02
8.000000e-03 1.893563e-02
9.000000e-03 2.064070e-02
1.000000e-02 2.225004e-02
1.100000e-02 2.377223e-02
1.200000e-02 2.521462e-02
1.300000e-02 2.658359e-02
1.400000e-02 2.788469e-02
1.500000e-02 2.912282e-02
1.600000e-02 3.030235e-02
1.700000e-02 3.142715e-02
1.800000e-02 3.250072e-02
1.900000e-02 3.352620e-02
2.000000e-02 3.450644e-02
2.100000e-02 3.544406e-02
2.200000e-02 3.634141e-02
2.300000e-02 3.720067e-02
2.400000e-02 3.802386e-02
2.500000e-02 3.881280e-02
2.600000e-02 3.956921e-02
2.700000e-02 4.029467e-02
2.800000e-02 4.099064e-02
2.900000e-02 4.165850e-02
3.000000e-02 4.229952e-02
3.100000e-02 4.291489e-02
3.200000e-02 4.350572e-02
3.300000e-02 4.407308e-02
3.400000e-02 4.461793e-02
3.500000e-02 4.514121e-02
3.600000e-02 4.564379e-02
3.700000e-02 4.612649e-02
3.800000e-02 4.659008e-02
3.900000e-02 4.703530e-02
4.000000e-02 4.746285e-02
4.100000e-02 4.787338e-02
4.200000e-02 4.826753e-02
4.300000e-02 4.864587e-02
4.400000e-02 4.900899e-02
4.500000e-02 4.935741e-02
4.600000e-02 4.969164e-02
4.700000e-02 5.001218e-02
4.800000e-02 5.031949e-02
4.900000e-02 5.061401e-02
5.000000e-02 5.089617e-02
5.100000e-02 5.116637e-02
5.200000e-02 5.142500e-02
5.300000e-02 5.167243e-02
5.400000e-02 5.190902e-02
5.500000e-02 5.213510e-02
5.600000e-02 5.235101e-02
5.700000e-02 5.255705e-02
5.800000e-02 5.275354e-02
5.900000e-02 5.294075e-02
6.000000e-02 5.311897e-02
6.100000e-02 5.328846e-02
6.200000e-02 5.344948e-02
6.300000e-02 5.360228e-02
6.400000e-02 5.374710e-02
6.500000e-02 5.388416e-02
6.600000e-02 5.401369e-02
6.700000e-02 5.413591e-02
6.800000e-02 5.425101e-02
6.900000e-02 5.435920e-02
7.000000e-02 5.446066e-02
7.100000e-02 5.455559e-02
7.200000e-02 5.464416e-02
7.300000e-02 5.472655e-02
7.400000e-02 5.480292e-02
7.500000e-02 5.487344e-02
7.600000e-02 5.493826e-02
7.700000e-02 5.499753e-02
7.800000e-02 5.505140e-02
7.900000e-02 5.510002e-02
8.000000e-02 5.514351e-02
8.100000e-02 5.518202e-02
8.200000e-02 5.521567e-02
8.300000e-02 5.524459e-02
8.400000e-02 5.526890e-02
8.500000e-02 5.528872e-02
8.600000e-02 5.530416e-02
8.700000e-02 5.531533e-02
8.800000e-02 5.532234e-02
8.900000e-02 5.532530e-02
9.000000e-02 5.532431e-02
9.100000e-02 5.531946e-02
9.200000e-02 5.531086e-02
9.300000e-02 5.529859e-02
9.400000e-02 5.528275e-02
9.500000e-02 5.526342e-02
9.600000e-02 5.524069e-02
9.700000e-02 5.521465e-02
9.800000e-02 5.518537e-02
9.900000e-02 5.515294e-02
1.000000e-01 5.511742e-02
1.010000e-01 5.507891e-02
1.020000e-01 5.503746e-02
1.030000e-01 5.499315e-02
1.040000e-01 5.494605e-02
1.050000e-01 5.489623e-02
1.060000e-01 5.484375e-02
1.070000e-01 5.478867e-02
1.080000e-01 5.473107e-02
1.090000e-01 5.467099e-02
1.100000e-01 5.460850e-02
1.110000e-01 5.454366e-02
1.120000e-01 5.447652e-02
1.130000e-01 5.440714e-02
1.140000e-01 5.433557e-02
1.150000e-01 5.426186e-02
1.160000e-01 5.418607e-02
1.170000e-01 5.410824e-02
1.180000e-01 5.402843e-02
1.190000e-01 5.394668e-02
1.200000e-01 5.386303e-02
1.210000e-01 5.377754e-02
1.220000e-01 5.369025e-02
1.230000e-01 5.360119e-02
1.240000e-01 5.351042e-02
1.250000e-01 5.341797e-02
1.260000e-01 5.332389e-02
1.270000e-01 5.322821e-02
1.280000e-01 5.313097e-02
1.290000e-01 5.303221e-02
1.300000e-01 5.293197e-02
1.310000e-01 5.283029e-02
1.320000e-01 5.272719e-02
1.330000e-01 5.262271e-02
1.340000e-01 5.251689e-02
1.350000e-01 5.240976e-02
1.360000e-01 5.230135e-02
1.370000e-01 5.219169e-02
1.380000e-01 5.208081e-02
1.390000e-01 5.196875e-02
1.400000e-01 5.185554e-02
1.410000e-01 5.174119e-02
1.420000e-01 5.162575e-02
1.430000e-01 5.150923e-02
1.440000e-01 5.139167e-02
1.450000e-01 5.127310e-02
1.460000e-01 5.115353e-02
1.470000e-01 5.103299e-02
1.480000e-01 5.091152e-02
1.490000e-01 5.078912e-02
1.500000e-01 5.066583e-02
1.510000e-01 5.054168e-02
1.520000e-01 5.041668e-02
1.530000e-01 5.029085e-02
1.540000e-01 5.016422e-02
1.550000e-01 5.003681e-02
1.560000e-01 4.990864e-02
1.570000e-01 4.977973e-02
1.580000e-01 4.965010e-02
1.590000e-01 4.951978e-02
1.600000e-01 4.938878e-02
1.610000e-01 4.925711e-02
1.620000e-01 4.912481e-02
1.630000e-01 4.899188e-02
1.640000e-01 4.885835e-02
1.650000e-01 4.872424e-02
1.660000e-01 4.858955e-02
1.670000e-01 4.845431e-02
1.680000e-01 4.831854e-02
1.690000e-01 4.818224e-02
1.700000e-01 4.804544e-02
1.710000e-01 4.790816e-02
1.720000e-01 4.777040e-02
1.730000e-01 4.763219e-02
1.740000e-01 4.749353e-02
1.750000e-01 4.735445e-02
1.760000e-01 4.721495e-02
1.770000e-01 4.707506e-02
1.780000e-01 4.693478e-02
1.790000e-01 4.679413e-02
1.800000e-01 4.665311e-02
1.810000e-01 4.651176e-02
1.820000e-01 4.637007e-02
1.830000e-01 4.622806e-02
1.840000e-01 4.608574e-02
1.850000e-01 4.594313e-02
1.860000e-01 4.580023e-02
1.870000e-01 4.565706e-02
1.880000e-01 4.551364e-02
1.890000e-01 4.536996e-02
1.900000e-01 4.522604e-02
1.910000e-01 4.508189e-02
1.920000e-01 4.493753e-02
1.930000e-01 4.479296e-02
1.940000e-01 4.464819e-02
1.950000e-01 4.450324e-02
1.960000e-01 4.435811e-02
1.970000e-01 4.421282e-02
1.980000e-01 4.406737e-02
1.990000e-01 4.392176e-02
2.000000e-01 4.377603e-02
2.010000e-01 4.363016e-02
2.020000e-01 4.348417e-02
2.030000e-01 4.333806e-02
2.040000e-01 4.319186e-02
2.050000e-01 4.304556e-02
2.060000e-01 4.289917e-02
2.070000e-01 4.275270e-02
2.080000e-01 4.260616e-02
2.090000e-01 4.245956e-02
2.100000e-01 4.231291e-02
2.110000e-01 4.216620e-02
2.120000e-01 4.201946e-02
2.130000e-01 4.187268e-02
2.140000e-01 4.172588e-02
2.150000e-01 4.157906e-02
2.160000e-01 4.143222e-02
2.170000e-01 4.128538e-02
2.180000e-01 4.113854e-02
2.190000e-01 4.099171e-02
2.200000e-01 4.084490e-02
2.210000e-01 4.069810e-02
2.220000e-01 4.055133e-02
2.230000e-01 4.040460e-02
2.240000e-01 4.025790e-02
2.250000e-01 4.011125e-02
2.260000e-01 3.996465e-02
2.270000e-01 3.981811e-02
2.280000e-01 3.967163e-02
2.290000e-01 3.952521e-02
2.300000e-01 3.937887e-02
2.310000e-01 3.923261e-02
2.320000e-01 3.908643e-02
2.330000e-01 3.894034e-02
2.340000e-01 3.879434e-02
2.350000e-01 3.864844e-02
2.360000e-01 3.850265e-02
2.370000e-01 3.835696e-02
2.380000e-01 3.821139e-02
2.390000e-01 3.806593e-02
2.400000e-01 3.792060e-02
2.410000e-01 3.777539e-02
2.420000e-01 3.763032e-02
2.430000e-01 3.748537e-02
2.440000e-01 3.734057e-02
2.450000e-01 3.719592e-02
2.460000e-01 3.705141e-02
2.470000e-01 3.690705e-02
2.480000e-01 3.676284e-02
2.490000e-01 3.661880e-02
2.500000e-01 3.647492e-02
2.510000e-01 3.633121e-02
2.520000e-01 3.618767e-02
2.530000e-01 3.604430e-02
2.540000e-01 3.590111e-02
2.550000e-01 3.575811e-02
2.560000e-01 3.561529e-02
2.570000e-01 3.547265e-02
2.580000e-01 3.533021e-02
2.590000e-01 3.518796e-02
2.600000e-01 3.504591e-02
2.610000e-01 3.490407e-02
2.620000e-01 3.476242e-02
2.630000e-01 3.462099e-02
2.640000e-01 3.447976e-02
2.650000e-01 3.433875e-02
2.660000e-01 3.419795e-02
2.670000e-01 3.405737e-02
2.680000e-01 3.391702e-02
2.690000e-01 3.377689e-02
2.700000e-01 3.363698e-02
2.710000e-01 3.349731e-02
2.720000e-01 3.335787e-02
2.730000e-01 3.321866e-02
2.740000e-01 3.307969e-02
2.750000e-01 3.294096e-02
2.760000e-01 3.280247e-02
2.770000e-01 3.266423e-02
2.780000e-01 3.252623e-02
2.790000e-01 3.238849e-02
2.800000e-01 3.225099e-02
2.810000e-01 3.211375e-02
2.820000e-01 3.197676e-02
2.830000e-01 3.184004e-02
2.840000e-01 3.170357e-02
2.850000e-01 3.156736e-02
2.860000e-01 3.143142e-02
2.870000e-01 3.129574e-02
2.880000e-01 3.116033e-02
2.890000e-01 3.102520e-02
2.900000e-01 3.089033e-02
2.910000e-01 3.075573e-02
2.920000e-01 3.062142e-02
2.930000e-01 3.048737e-02
2.940000e-01 3.035361e-02
2.950000e-01 3.022013e-02
2.960000e-01 3.008693e-02
2.970000e-01 2.995401e-02
2.980000e-01 2.982138e-02
2.990000e-01 2.968903e-02
3.000000e-01 2.955698e-02
3.010000e-01 2.942521e-02
3.020000e-01 2.929373e-02
3.030000e-01 2.916255e-02
3.040000e-01 2.903166e-02
3.050000e-01 2.890107e-02
3.060000e-01 2.877077e-02
3.070000e-01 2.864077e-02
3.080000e-01 2.851107e-02
3.090000e-01 2.838167e-02
3.100000e-01 2.825257e-02
3.110000e-01 2.812378e-02
3.120000e-01 2.799529e-02
3.130000e-01 2.786711e-02
3.140000e-01 2.773923e-02
3.150000e-01 2.761166e-02
3.160000e-01 2.748440e-02
3.170000e-01 2.735745e-02
3.180000e-01 2.723081e-02
3.190000e-01 2.710448e-02
3.200000e-01 2.697846e-02
3.210000e-01 2.685276e-02
3.220000e-01 2.672738e-02
3.230000e-01 2.660231e-02
3.240000e-01 2.647755e-02
3.250000e-01 2.635312e-02
3.260000e-01 2.622900e-02
3.270000e-01 2.610520e-02
3.280000e-01 2.598172e-02
3.290000e-01 2.585857e-02
3.300000e-01 2.573573e-02
3.310000e-01 2.561322e-02
3.320000e-01 2.549103e-02
3.330000e-01 2.536917e-02
3.340000e-01 2.524763e-02
3.350000e-01 2.512641e-02
3.360000e-01 2.500552e-02
3.370000e-01 2.488496e-02
3.380000e-01 2.476473e-02
3.390000e-01 2.464482e-02
3.400000e-01 2.452524e-02
3.410000e-01 2.440599e-02
3.420000e-01 2.428708e-02
3.430000e-01 2.416849e-02
3.440000e-01 2.405023e-02
3.450000e-01 2.393230e-02
3.460000e-01 2.381471e-02
3.470000e-01 2.369745e-02
3.480000e-01 2.358052e-02
3.490000e-01 2.346393e-02
3.500000e-01 2.334766e-02
3.510000e-01 2.323174e-02
3.520000e-01 2.311614e-02
3.530000e-01 2.300089e-02
3.540000e-01 2.288597e-02
3.550000e-01 2.277138e-02
3.560000e-01 2.265713e-02
3.570000e-01 2.254322e-02
3.580000e-01 2.242964e-02
3.590000e-01 2.231640e-02
3.600000e-01 2.220350e-02
3.610000e-01 2.209094e-02
3.620000e-01 2.197871e-02
3.630000e-01 2.186682e-02
3.640000e-01 2.175527e-02
3.650000e-01 2.164406e-02
3.660000e-01 2.153319e-02
3.670000e-01 2.142266e-02
3.680000e-01 2.131247e-02
3.690000e-01 2.120262e-02
3.700000e-01 2.109310e-02
3.710000e-01 2.098393e-02
3.720000e-01 2.087510e-02
3.730000e-01 2.076661e-02
3.740000e-01 2.065846e-02
3.750000e-01 2.055065e-02
3.760000e-01 2.044318e-02
3.770000e-01 2.033605e-02
3.780000e-01 2.022926e-02
3.790000e-01 2.012281e-02
3.800000e-01 2.001671e-02
3.810000e-01 1.991094e-02
3.820000e-01 1.980552e-02
3.830000e-01 1.970044e-02
3.840000e-01 1.959570e-02
3.850000e-01 1.949130e-02
3.860000e-01 1.938724e-02
3.870000e-01 1.928353e-02
3.880000e-01 1.918015e-02
3.890000e-01 1.907712e-02
3.900000e-01 1.897443e-02
3.910000e-01 1.887208e-02
3.920000e-01 1.877007e-02
3.930000e-01 1.866840e-02
3.940000e-01 1.856707e-02
3.950000e-01 1.846609e-02
3.960000e-01 1.836544e-02
3.970000e-01 1.826514e-02
3.980000e-01 1.816518e-02
3.990000e-01 1.806556e-02
4.000000e-01 1.796628e-02
4.010000e-01 1.786734e-02
4.020000e-01 1.776874e-02
4.030000e-01 1.767048e-02
4.040000e-01 1.757256e-02
4.050000e-01 1.747498e-02
4.060000e-01 1.737774e-02
4.070000e-01 1.728084e-02
4.080000e-01 1.718429e-02
4.090000e-01 1.708807e-02
4.100000e-01 1.699219e-02
4.110000e-01 1.689665e-02
4.120000e-01 1.680144e-02
4.130000e-01 1.670658e-02
4.140000e-01 1.661206e-02
4.150000e-01 1.651787e-02
4.160000e-01 1.642402e-02
4.170000e-01 1.633051e-02
4.180000e-01 1.623734e-02
4.190000e-01 1.614451e-02
4.200000e-01 1.605201e-02
4.210000e-01 1.595985e-02
4.220000e-01 1.586803e-02
4.230000e-01 1.577654e-02
4.240000e-01 1.568539e-02
4.250000e-01 1.559457e-02
4.260000e-01 1.550410e-02
4.270000e-01 1.541395e-02
4.280000e-01 1.532414e-02
4.290000e-01 1.523467e-02
4.300000e-01 1.514553e-02
4.310000e-01 1.505673e-02
4.320000e-01 1.496826e-02
4.330000e-01 1.488012e-02
4.340000e-01 1.479232e-02
4.350000e-01 1.470485e-02
4.360000e-01 1.461771e-02
4.370000e-01 1.453090e-02
4.380000e-01 1.444443e-02
4.390000e-01 1.435829e-02
4.400000e-01 1.427248e-02
4.410000e-01 1.418700e-02
4.420000e-01 1.410185e-02
4.430000e-01 1.401703e-02
4.440000e-01 1.393255e-02
4.450000e-01 1.384839e-02
4.460000e-01 1.376456e-02
4.470000e-01 1.368106e-02
4.480000e-01 1.359788e-02
4.490000e-01 1.351504e-02
4.500000e-01 1.343252e-02
4.510000e-01 1.335033e-02
4.520000e-01 1.326847e-02
4.530000e-01 1.318693e-02
4.540000e-01 1.310572e-02
4.550000e-01 1.302484e-02
4.560000e-01 1.294428e-02
4.570000e-01 1.286404e-02
4.580000e-01 1.278413e-02
4.590000e-01 1.270455e-02
4.600000e-01 1.262528e-02
4.610000e-01 1.254634e-02
4.620000e-01 1.246773e-02
4.630000e-01 1.238943e-02
4.640000e-01 1.231146e-02
4.650000e-01 1.223380e-02
4.660000e-01 1.215647e-02
4.670000e-01 1.207946e-02
4.680000e-01 1.200277e-02
4.690000e-01 1.192640e-02
4.700000e-01 1.185035e-02
4.710000e-01 1.177461e-02
4.720000e-01 1.169919e-02
4.730000e-01 1.162410e-02
4.740000e-01 1.154931e-02
4.750000e-01 1.147485e-02
4.760000e-01 1.140070e-02
4.770000e-01 1.132687e-02
4.780000e-01 1.125335e-02
4.790000e-01 1.118014e-02
4.800000e-01 1.110725e-02
4.810000e-01 1.103468e-02
4.820000e-01 1.096241e-02
4.830000e-01 1.089046e-02
4.840000e-01 1.081882e-02
4.850000e-01 1.074750e-02
4.860000e-01 1.067648e-02
4.870000e-01 1.060577e-02
4.880000e-01 1.053538e-02
4.890000e-01 1.046529e-02
4.900000e-01 1.039551e-02
4.910000e-01 1.032604e-02
4.920000e-01 1.025688e-02
4.930000e-01 1.018803e-02
4.940000e-01 1.011948e-02
4.950000e-01 1.005124e-02
4.960000e-01 9.983302e-03
4.970000e-01 9.915672e-03
4.980000e-01 9.848346e-03
4.990000e-01 9.781324e-03
5.000000e-01 9.714605e-03
5.010000e-01 9.648189e-03
5.020000e-01 9.582076e-03
5.030000e-01 9.516264e-03
5.040000e-01 9.450753e-03
5.050000e-01 9.385543e-03
5.060000e-01 9.320633e-03
5.070000e-01 9.256023e-03
5.080000e-01 9.191711e-03
5.090000e-01 9.127697e-03
5.100000e-01 9.063982e-03
5.110000e-01 9.000563e-03
5.120000e-01 8.937441e-03
5.130000e-01 8.874615e-03
5.140000e-01 8.812085e-03
5.150000e-01 8.749849e-03
5.160000e-01 8.687907e-03
5.170000e-01 8.626259e-03
5.180000e-01 8.564904e-03
5.190000e-01 8.503841e-03
5.200000e-01 8.443070e-03
5.210000e-01 8.382590e-03
5.220000e-01 8.322401e-03
5.230000e-01 8.262502e-03
5.240000e-01 8.202892e-03
5.250000e-01 8.143571e-03
5.260000e-01 8.084538e-03
5.270000e-01 8.025792e-03
5.280000e-01 7.967334e-03
5.290000e-01 7.909161e-03
5.300000e-01 7.851275e-03
5.310000e-01 7.793673e-03
5.320000e-01 7.736356e-03
5.330000e-01 7.679322e-03
5.340000e-01 7.622572e-03
5.350000e-01 7.566104e-03
5.360000e-01 7.509918e-03
5.370000e-01 7.454014e-03
5.380000e-01 7.398389e-03
5.390000e-01 7.343045e-03
5.400000e-01 7.287981e-03
5.410000e-01 7.233195e-03
5.420000e-01 7.178687e-03
5.430000e-01 7.124456e-03
5.440000e-01 7.070502e-03
5.450000e-01 7.016824e-03
5.460000e-01 6.963422e-03
5.470000e-01 6.910295e-03
5.480000e-01 6.857441e-03
5.490000e-01 6.804862e-03
5.500000e-01 6.752555e-03
5.510000e-01 6.700520e-03
5.520000e-01 6.648757e-03
5.530000e-01 6.597265e-03
5.540000e-01 6.546043e-03
5.550000e-01 6.495090e-03
5.560000e-01 6.444406e-03
5.570000e-01 6.393991e-03
5.580000e-01 6.343843e-03
5.590000e-01 6.293962e-03
5.600000e-01 6.244348e-03
5.610000e-01 6.194999e-03
5.620000e-01 6.145914e-03
5.630000e-01 6.097094e-03
5.640000e-01 6.048538e-03
5.650000e-01 6.000244e-03
5.660000e-01 5.952213e-03
5.670000e-01 5.904443e-03
5.680000e-01 5.856934e-03
5.690000e-01 5.809685e-03
5.700000e-01 5.762695e-03
5.710000e-01 5.715965e-03
5.720000e-01 5.669492e-03
5.730000e-01 5.623277e-03
5.740000e-01 5.577318e-03
5.750000e-01 5.531616e-03
5.760000e-01 5.486169e-03
5.770000e-01 5.440977e-03
5.780000e-01 5.396038e-03
5.790000e-01 5.351353e-03
5.800000e-01 5.306920e-03
5.810000e-01 5.262740e-03
5.820000e-01 5.218810e-03
5.830000e-01 5.175131e-03
5.840000e-01 5.131702e-03
5.850000e-01 5.088522e-03
5.860000e-01 5.045590e-03
5.870000e-01 5.002906e-03
5.880000e-01 4.960469e-03
5.890000e-01 4.918279e-03
5.900000e-01 4.876333e-03
5.910000e-01 4.834633e-03
5.920000e-01 4.793177e-03
5.930000e-01 4.751965e-03
5.940000e-01 4.710995e-03
5.950000e-01 4.670267e-03
5.960000e-01 4.629781e-03
5.970000e-01 4.589535e-03
5.980000e-01 4.549529e-03
5.990000e-01 4.509762e-03
6.000000e-01 4.470234e-03
6.010000e-01 4.430944e-03
6.020000e-01 4.391891e-03
6.030000e-01 4.353074e-03
6.040000e-01 4.314493e-03
6.050000e-01 4.276146e-03
6.060000e-01 4.238034e-03
6.070000e-01 4.200155e-03
6.080000e-01 4.162510e-03
6.090000e-01 4.125096e-03
6.100000e-01 4.087913e-03
6.110000e-01 4.050961e-03
6.120000e-01 4.014239e-03
6.130000e-01 3.977746e-03
6.140000e-01 3.941482e-03
6.150000e-01 3.905445e-03
6.160000e-01 3.869635e-03
6.170000e-01 3.834052e-03
6.180000e-01 3.798694e-03
6.190000e-01 3.763561e-03
6.200000e-01 3.728652e-03
6.210000e-01 3.693966e-03
6.220000e-01 3.659503e-03
6.230000e-01 3.625261e-03
6.240000e-01 3.591241e-03
6.250000e-01 3.557442e-03
6.260000e-01 3.523862e-03
6.270000e-01 3.490500e-03
6.280000e-01 3.457358e-03
6.290000e-01 3.424432e-03
6.300000e-01 3.391724e-03
6.310000e-01 3.359231e-03
6.320000e-01 3.326954e-03
6.330000e-01 3.294891e-03
6.340000e-01 3.263042e-03
6.350000e-01 3.231406e-03
6.360000e-01 3.199982e-03
6.370000e-01 3.168770e-03
6.380000e-01 3.137769e-03
6.390000e-01 3.106978e-03
6.400000e-01 3.076396e-03
6.410000e-01 3.046023e-03
6.420000e-01 3.015858e-03
6.430000e-01 2.985899e-03
6.440000e-01 2.956148e-03
6.450000e-01 2.926602e-03
6.460000e-01 2.897261e-03
6.470000e-01 2.868124e-03
6.480000e-01 2.839190e-03
6.490000e-01 2.810459e-03
6.500000e-01 2.781930e-03
6.510000e-01 2.753602e-03
6.520000e-01 2.725475e-03
6.530000e-01 2.697547e-03
6.540000e-01 2.669819e-03
6.550000e-01 2.642288e-03
6.560000e-01 2.614955e-03
6.570000e-01 2.587819e-03
6.580000e-01 2.560878e-03
6.590000e-01 2.534133e-03
6.600000e-01 2.507582e-03
6.610000e-01 2.481225e-03
6.620000e-01 2.455061e-03
6.630000e-01 2.429089e-03
6.640000e-01 2.403309e-03
6.650000e-01 2.377719e-03
6.660000e-01 2.352319e-03
6.670000e-01 2.327109e-03
6.680000e-01 2.302086e-03
6.690000e-01 2.277252e-03
6.700000e-01 2.252604e-03
6.710000e-01 2.228143e-03
6.720000e-01 2.203867e-03
6.730000e-01 2.179776e-03
6.740000e-01 2.155869e-03
6.750000e-01 2.132145e-03
6.760000e-01 2.108603e-03
6.770000e-01 2.085243e-03
6.780000e-01 2.062064e-03
6.790000e-01 2.039065e-03
6.800000e-01 2.016246e-03
6.810000e-01 1.993605e-03
6.820000e-01 1.971142e-03
6.830000e-01 1.948856e-03
6.840000e-01 1.926746e-03
6.850000e-01 1.904813e-03
6.860000e-01 1.883054e-03
6.870000e-01 1.861469e-03
6.880000e-01 1.840057e-03
6.890000e-01 1.818819e-03
6.900000e-01 1.797752e-03
6.910000e-01 1.776856e-03
6.920000e-01 1.756130e-03
6.930000e-01 1.735574e-03
6.940000e-01 1.715187e-03
6.950000e-01 1.694968e-03
6.960000e-01 1.674916e-03
6.970000e-01 1.655031e-03
6.980000e-01 1.635312e-03
6.990000e-01 1.615758e-03
7.000000e-01 1.596368e-03
7.010000e-01 1.577141e-03
7.020000e-01 1.558077e-03
7.030000e-01 1.539176e-03
7.040000e-01 1.520435e-03
7.050000e-01 1.501855e-03
7.060000e-01 1.483435e-03
7.070000e-01 1.465174e-03
7.080000e-01 1.447071e-03
7.090000e-01 1.429126e-03
7.100000e-01 1.411337e-03
7.110000e-01 1.393704e-03
7.120000e-01 1.376227e-03
7.130000e-01 1.358904e-03
7.140000e-01 1.341735e-03
7.150000e-01 1.324718e-03
7.160000e-01 1.307854e-03
7.170000e-01 1.291141e-03
7.180000e-01 1.274579e-03
7.190000e-01 1.258167e-03
7.200000e-01 1.241904e-03
7.210000e-01 1.225790e-03
7.220000e-01 1.209823e-03
7.230000e-01 1.194003e-03
7.240000e-01 1.178329e-03
7.250000e-01 1.162801e-03
7.260000e-01 1.147417e-03
7.270000e-01 1.132177e-03
7.280000e-01 1.117081e-03
7.290000e-01 1.102126e-03
7.300000e-01 1.087314e-03
7.310000e-01 1.072642e-03
7.320000e-01 1.058110e-03
7.330000e-01 1.043718e-03
7.340000e-01 1.029465e-03
7.350000e-01 1.015349e-03
7.360000e-01 1.001370e-03
7.370000e-01 9.875282e-04
7.380000e-01 9.738217e-04
7.390000e-01 9.602501e-04
7.400000e-01 9.468126e-04
7.410000e-01 9.335085e-04
7.420000e-01 9.203370e-04
7.430000e-01 9.072974e-04
7.440000e-01 8.943890e-04
7.450000e-01 8.816110e-04
7.460000e-01 8.689626e-04
7.470000e-01 8.564431e-04
7.480000e-01 8.440518e-04
7.490000e-01 8.317879e-04
7.500000e-01 8.196507e-04
7.510000e-01 8.076394e-04
7.520000e-01 7.957533e-04
7.530000e-01 7.839916e-04
7.540000e-01 7.723536e-04
7.550000e-01 7.608386e-04
7.560000e-01 7.494458e-04
7.570000e-01 7.381744e-04
7.580000e-01 7.270238e-04
7.590000e-01 7.159932e-04
7.600000e-01 7.050818e-04
7.610000e-01 6.942890e-04
7.620000e-01 6.836139e-04
7.630000e-01 6.730558e-04
7.640000e-01 6.626141e-04
7.650000e-01 6.522879e-04
7.660000e-01 6.420766e-04
7.670000e-01 6.319793e-04
7.680000e-01 6.219954e-04
7.690000e-01 6.121241e-04
7.700000e-01 6.023648e-04
7.710000e-01 5.927165e-04
7.720000e-01 5.831788e-04
7.730000e-01 5.737507e-04
7.740000e-01 5.644316e-04
7.750000e-01 5.552207e-04
7.760000e-01 5.461174e-04
7.770000e-01 5.371208e-04
7.780000e-01 5.282303e-04
7.790000e-01 5.194451e-04
7.800000e-01 5.107646e-04
7.810000e-01 5.021879e-04
7.820000e-01 4.937144e-04
7.830000e-01 4.853433e-04
7.840000e-01 4.770740e-04
7.850000e-01 4.689056e-04
7.860000e-01 4.608376e-04
7.870000e-01 4.528691e-04
7.880000e-01 4.449994e-04
7.890000e-01 4.372279e-04
7.900000e-01 4.295537e-04
7.910000e-01 4.219763e-04
7.920000e-01 4.144949e-04
7.930000e-01 4.071087e-04
7.940000e-01 3.998171e-04
7.950000e-01 3.926193e-04
7.960000e-01 3.855147e-04
7.970000e-01 3.785025e-04
7.980000e-01 3.715820e-04
7.990000e-01 3.647525e-04
8.000000e-01 3.580134e-04
8.010000e-01 3.513639e-04
8.020000e-01 3.448032e-04
8.030000e-01 3.383308e-04
8.040000e-01 3.319459e-04
8.050000e-01 3.256477e-04
8.060000e-01 3.194357e-04
8.070000e-01 3.133091e-04
8.080000e-01 3.072672e-04
8.090000e-01 3.013093e-04
8.100000e-01 2.954348e-04
8.110000e-01 2.896428e-04
8.120000e-01 2.839329e-04
8.130000e-01 2.783041e-04
8.140000e-01 2.727560e-04
8.150000e-01 2.672877e-04
8.160000e-01 2.618986e-04
8.170000e-01 2.565880e-04
8.180000e-01 2.513553e-04
8.190000e-01 2.461997e-04
8.200000e-01 2.411206e-04
8.210000e-01 2.361172e-04
8.220000e-01 2.311890e-04
8.230000e-01 2.263352e-04
8.240000e-01 2.215552e-04
8.250000e-01 2.168483e-04
8.260000e-01 2.122138e-04
8.270000e-01 2.076510e-04
8.280000e-01 2.031593e-04
8.290000e-01 1.987381e-04
8.300000e-01 1.943866e-04
8.310000e-01 1.901042e-04
8.320000e-01 1.858902e-04
8.330000e-01 1.817441e-04
8.340000e-01 1.776650e-04
8.350000e-01 1.736524e-04
8.360000e-01 1.697056e-04
8.370000e-01 1.658239e-04
8.380000e-01 1.620068e-04
8.390000e-01 1.582535e-04
8.400000e-01 1.545634e-04
8.410000e-01 1.509358e-04
8.420000e-01 1.473702e-04
8.430000e-01 1.438659e-04
8.440000e-01 1.404222e-04
8.450000e-01 1.370385e-04
8.460000e-01 1.337142e-04
8.470000e-01 1.304486e-04
8.480000e-01 1.272411e-04
8.490000e-01 1.240910e-04
8.500000e-01 1.209978e-04
8.510000e-01 1.179608e-04
8.520000e-01 1.149794e-04
8.530000e-01 1.120530e-04
8.540000e-01 1.091809e-04
8.550000e-01 1.063625e-04
8.560000e-01 1.035973e-04
8.570000e-01 1.008845e-04
8.580000e-01 9.822364e-05
8.590000e-01 9.561406e-05
8.600000e-01 9.305514e-05
8.610000e-01 9.054629e-05
8.620000e-01 8.808690e-05
8.630000e-01 8.567638e-05
8.640000e-01 8.331412e-05
8.650000e-01 8.099953e-05
8.660000e-01 7.873201e-05
8.670000e-01 7.651098e-05
8.680000e-01 7.433585e-05
8.690000e-01 7.220602e-05
8.700000e-01 7.012092e-05
8.710000e-01 6.807996e-05
8.720000e-01 6.608256e-05
8.730000e-01 6.412816e-05
8.740000e-01 6.221616e-05
8.750000e-01 6.034601e-05
8.760000e-01 5.851713e-05
8.770000e-01 5.672896e-05
8.780000e-01 5.498093e-05
8.790000e-01 5.327249e-05
8.800000e-01 5.160306e-05
8.810000e-01 4.997211e-05
8.820000e-01 4.837906e-05
8.830000e-01 4.682338e-05
8.840000e-01 4.530452e-05
8.850000e-01 4.382193e-05
8.860000e-01 4.237506e-05
8.870000e-01 4.096339e-05
8.880000e-01 3.958636e-05
8.890000e-01 3.824346e-05
8.900000e-01 3.693415e-05
8.910000e-01 3.565790e-05
8.920000e-01 3.441418e-05
8.930000e-01 3.320248e-05
8.940000e-01 3.202227e-05
8.950000e-01 3.087305e-05
8.960000e-01 2.975429e-05
8.970000e-01 2.866549e-05
8.980000e-01 2.760614e-05
8.990000e-01 2.657573e-05
9.000000e-01 2.557378e-05
9.010000e-01 2.459978e-05
9.020000e-01 2.365323e-05
9.030000e-01 2.273365e-05
9.040000e-01 2.184055e-05
9.050000e-01 2.097344e-05
9.060000e-01 2.013185e-05
9.070000e-01 1.931530e-05
9.080000e-01 1.852331e-05
9.090000e-01 1.775541e-05
9.100000e-01 1.701114e-05
9.110000e-01 1.629003e-05
9.120000e-01 1.559163e-05
9.130000e-01 1.491547e-05
9.140000e-01 1.426111e-05
9.150000e-01 1.362809e-05
9.160000e-01 1.301597e-05
9.170000e-01 1.242431e-05
9.180000e-01 1.185266e-05
9.190000e-01 1.130060e-05
9.200000e-01 1.076770e-05
9.210000e-01 1.025352e-05
9.220000e-01 9.757643e-06
9.230000e-01 9.279652e-06
9.240000e-01 8.819130e-06
9.250000e-01 8.375666e-06
9.260000e-01 7.948852e-06
9.270000e-01 7.538284e-06
9.280000e-01 7.143564e-06
9.290000e-01 6.764294e-06
9.300000e-01 6.400085e-06
9.310000e-01 6.050548e-06
9.320000e-01 5.715301e-06
9.330000e-01 5.393965e-06
9.340000e-01 5.086164e-06
9.350000e-01 4.791529e-06
9.360000e-01 4.509693e-06
9.370000e-01 4.240294e-06
9.380000e-01 3.982974e-06
9.390000e-01 3.737381e-06
9.400000e-01 3.503165e-06
9.410000e-01 3.279983e-06
9.420000e-01 3.067495e-06
9.430000e-01 2.865364e-06
9.440000e-01 2.673261e-06
9.450000e-01 2.490860e-06
9.460000e-01 2.317838e-06
9.470000e-01 2.153879e-06
9.480000e-01 1.998671e-06
9.490000e-01 1.851907e-06
9.500000e-01 1.713284e-06
9.510000e-01 1.582503e-06
9.520000e-01 1.459274e-06
9.530000e-01 1.343306e-06
9.540000e-01 1.234317e-06
9.550000e-01 1.132030e-06
9.560000e-01 1.036171e-06
9.570000e-01 9.464713e-07
9.580000e-01 8.626688e-07
9.590000e-01 7.845055e-07
9.600000e-01 7.117287e-07
9.610000e-01 6.440910e-07
9.620000e-01 5.813502e-07
9.630000e-01 5.232693e-07
9.640000e-01 4.696167e-07
9.650000e-01 4.201664e-07
9.660000e-01 3.746974e-07
9.670000e-01 3.329944e-07
9.680000e-01 2.948476e-07
9.690000e-01 2.600526e-07
9.700000e-01 2.284108e-07
9.710000e-01 1.997290e-07
9.720000e-01 1.738197e-07
9.730000e-01 1.505012e-07
9.740000e-01 1.295976e-07
9.750000e-01 1.109385e-07
9.760000e-01 9.435963e-08
9.770000e-01 7.970251e-08
9.780000e-01 6.681455e-08
9.790000e-01 5.554917e-08
9.800000e-01 4.576576e-08
9.810000e-01 3.732981e-08
9.820000e-01 3.011289e-08
9.830000e-01 2.399272e-08
9.840000e-01 1.885321e-08
9.850000e-01 1.458453e-08
9.860000e-01 1.108311e-08
9.870000e-01 8.251741e-09
9.880000e-01 5.999570e-09
9.890000e-01 4.242180e-09
9.900000e-01 2.901629e-09
9.910000e-01 1.906496e-09
9.920000e-01 1.191928e-09
9.930000e-01 6.996917e-10
9.940000e-01 3.782200e-10
9.950000e-01 1.826605e-10
9.960000e-01 7.492558e-11
9.970000e-01 2.374111e-11
9.980000e-01 4.696368e-12
9.990000e-01 2.939467e-13
