1.331021e+02 9.549946e-05 6.460998e-07 6.520595e-07
2.358034e+02 8.759342e-05 6.016269e-07 6.015491e-07
4.177486e+02 7.821098e-05 5.846555e-07 5.915735e-07
7.400823e+02 6.503650e-05 5.916849e-07 6.001689e-07
1.311128e+03 5.146209e-05 6.217877e-07 6.308660e-07
2.322790e+03 3.851926e-05 6.715082e-07 6.809088e-07
4.115049e+03 2.839037e-05 7.375440e-07 7.609508e-07
7.290293e+03 2.027697e-05 8.142888e-07 8.513181e-07
1.291546e+04 1.352679e-05 8.637677e-07 9.211118e-07
2.288100e+04 1.106149e-05 1.016902e-06 1.107568e-06
4.053592e+04 7.436672e-06 1.083747e-06 1.223721e-06
7.181332e+04 2.991665e-06 8.747080e-07 1.046067e-06
1.272257e+05 1.993321e-06 9.247397e-07 1.188071e-06
2.253928e+05 1.876450e-06 1.108748e-06 1.551292e-06
