1.331021283339976549e+02 5.524145381107676558e-05 5.652979034520177852e-07 5.641737579091252519e-07
2.358033658991884636e+02 4.610106113863703830e-05 5.012103647565357053e-07 4.995625637458090038e-07
4.177485970010900473e+02 3.903889487252652492e-05 4.658173168550954068e-07 4.694694623766120126e-07
7.400822699493941172e+02 3.095935583771801478e-05 4.458204124804705092e-07 4.540307941208710373e-07
1.311127721853292769e+03 2.323557641728214777e-05 4.462680004603470374e-07 4.563106062546906467e-07
2.322790279964080582e+03 1.670365701441494193e-05 4.595605184174609756e-07 4.725078139166528036e-07
4.115048896280841291e+03 1.210593554491322325e-05 4.948533968266418447e-07 5.174293616070693668e-07
7.290293282851452204e+03 9.032241293978234405e-06 5.515020433369700695e-07 5.864038922196839703e-07
1.291546360682438171e+04 6.063950841094431217e-06 5.802537744461878430e-07 6.337688414893275664e-07
2.288099994160467759e+04 5.102228417453996210e-06 6.860782602590839803e-07 7.697992151606632331e-07
4.053591680991473550e+04 4.340168616938883554e-06 8.173210000057375268e-07 9.477135078628134063e-07
7.181331916497908242e+04 1.681879338455333523e-06 6.441778483347453205e-07 8.056398660458589428e-07
1.272257442191968003e+05 1.384280909219568007e-06 7.643030064371626312e-07 1.019013018470550631e-06
2.253927799008227303e+05 1.827268270398689886e-06 1.086535877391703729e-06 1.518926434880455959e-06
