4.110531e+00 1.000000e-40
4.362601e+00 1.000000e-40
4.428007e+00 1.892656e+08
4.630130e+00 1.000000e-40
4.914064e+00 1.000000e-40
5.215410e+00 1.000000e-40
5.535236e+00 1.000000e-40
5.874674e+00 1.000000e-40
6.234928e+00 1.000000e-40
6.617273e+00 1.000000e-40
7.023065e+00 1.000000e-40
7.453742e+00 1.000000e-40
7.910829e+00 1.000000e-40
7.998981e+00 2.029958e+08
8.395946e+00 1.000000e-40
8.910812e+00 1.000000e-40
9.457252e+00 1.000000e-40
1.003720e+01 1.000000e-40
1.016264e+01 3.054176e+08
1.065271e+01 1.000000e-40
1.130597e+01 1.000000e-40
1.199929e+01 1.000000e-40
1.273512e+01 1.000000e-40
1.333163e+01 1.670365e+08
1.351608e+01 1.000000e-40
1.434493e+01 1.000000e-40
1.522461e+01 1.000000e-40
1.615823e+01 1.000000e-40
1.714910e+01 1.000000e-40
1.820074e+01 1.000000e-40
1.931687e+01 1.000000e-40
2.050144e+01 1.000000e-40
2.123017e+01 1.955442e+08
2.175865e+01 1.000000e-40
2.309296e+01 1.000000e-40
2.450910e+01 1.000000e-40
2.601207e+01 1.000000e-40
2.760722e+01 1.000000e-40
2.930018e+01 1.000000e-40
3.109696e+01 1.000000e-40
3.300392e+01 1.000000e-40
3.502783e+01 1.000000e-40
3.717584e+01 1.000000e-40
3.945558e+01 1.000000e-40
4.065056e+01 3.256291e+07
4.187513e+01 1.000000e-40
4.444304e+01 1.000000e-40
4.716843e+01 1.000000e-40
5.006095e+01 1.000000e-40
5.313084e+01 1.000000e-40
5.437903e+01 2.823630e+06
5.638900e+01 1.000000e-40
5.984695e+01 1.000000e-40
6.351695e+01 1.000000e-40
6.741201e+01 1.000000e-40
7.154593e+01 1.000000e-40
7.593336e+01 1.000000e-40
8.058983e+01 1.000000e-40
8.553186e+01 1.000000e-40
9.077694e+01 1.000000e-40
9.322120e+01 6.191941e+06
9.634367e+01 1.000000e-40
1.022518e+02 1.000000e-40
1.085222e+02 1.000000e-40
1.151771e+02 1.000000e-40
1.222401e+02 1.000000e-40
1.297363e+02 1.000000e-40
1.320385e+02 6.119622e+06
1.376921e+02 1.000000e-40
1.461358e+02 1.000000e-40
1.550973e+02 1.000000e-40
1.646084e+02 1.000000e-40
1.747027e+02 1.000000e-40
1.854160e+02 1.000000e-40
1.967863e+02 1.000000e-40
2.088539e+02 1.000000e-40
2.216615e+02 1.000000e-40
2.352545e+02 1.000000e-40
2.496810e+02 1.000000e-40
2.649923e+02 1.000000e-40
2.812424e+02 1.000000e-40
2.984891e+02 1.000000e-40
3.061338e+02 8.414426e+05
3.167934e+02 1.000000e-40
3.362202e+02 1.000000e-40
3.568383e+02 1.000000e-40
3.787207e+02 1.000000e-40
4.019451e+02 1.000000e-40
4.265936e+02 1.000000e-40
4.527537e+02 1.000000e-40
4.805180e+02 1.000000e-40
5.099849e+02 1.000000e-40
5.412588e+02 1.000000e-40
5.635645e+02 2.804220e+05
5.744505e+02 1.000000e-40
6.096776e+02 1.000000e-40
6.470650e+02 1.000000e-40
6.867451e+02 1.000000e-40
7.288585e+02 1.000000e-40
7.735544e+02 1.000000e-40
